Experiment	CLAMPoints-dat	
Date	04.05.2016 18:50:04	
User		
X (m)	-2.000000E-7	
Y (m)	-2.000000E-7	
Tip Information	Tip  (  )	
Sample material		
CLAM Mode	0	
Pass Energy (eV)	100.000000	
Retarding Ratio	10.000000	
Focus Mode	1	
Focus (%)	0.600000	
Channeltron front (V)	200.000000	
Channeltron rear (V)	3600.000000	
Integration Time (ms)	100.000000	

[DATA]
Energy (eV)	Current (A)	Counter 2 (cps)	Bias (V)	Z (m)
8.00000E+0	-6.78372E-9	0.00000E+0	-85.4000E+0	-187.000E-9
8.20000E+0	-6.81259E-9	0.00000E+0	-85.4000E+0	-187.000E-9
8.40000E+0	-6.77052E-9	0.00000E+0	-85.4000E+0	-187.000E-9
8.60000E+0	-6.68761E-9	0.00000E+0	-85.4000E+0	-187.000E-9
8.80000E+0	-6.77479E-9	0.00000E+0	-85.4000E+0	-187.000E-9
9.00000E+0	-6.79525E-9	0.00000E+0	-85.4000E+0	-187.000E-9
9.20000E+0	-6.30603E-9	0.00000E+0	-85.4000E+0	-187.000E-9
9.40000E+0	-6.60584E-9	0.00000E+0	-85.4000E+0	-187.000E-9
9.60000E+0	-6.61253E-9	0.00000E+0	-85.4000E+0	-187.000E-9
9.80000E+0	-6.59980E-9	0.00000E+0	-85.4000E+0	-187.000E-9
10.0000E+0	-6.58667E-9	0.00000E+0	-85.4000E+0	-187.000E-9
10.2000E+0	-6.52958E-9	0.00000E+0	-85.4000E+0	-187.000E-9
10.4000E+0	-6.55044E-9	0.00000E+0	-85.4000E+0	-187.000E-9
10.6000E+0	-6.53207E-9	0.00000E+0	-85.4000E+0	-187.000E-9
10.8000E+0	-6.62777E-9	0.00000E+0	-85.4000E+0	-187.000E-9
11.0000E+0	-9.84743E-9	0.00000E+0	-85.4000E+0	-187.000E-9
11.2000E+0	-9.79636E-9	50.0000E+0	-85.4000E+0	-187.000E-9
11.4000E+0	-9.88674E-9	50.0000E+0	-85.4000E+0	-187.000E-9
11.6000E+0	-8.40007E-9	50.0000E+0	-85.4000E+0	-187.000E-9
11.8000E+0	-8.44721E-9	0.00000E+0	-85.4000E+0	-187.000E-9
12.0000E+0	-8.43993E-9	0.00000E+0	-85.4000E+0	-187.000E-9
12.2000E+0	-8.46041E-9	0.00000E+0	-85.4000E+0	-187.000E-9
12.4000E+0	-8.44973E-9	0.00000E+0	-85.4000E+0	-187.000E-9
12.6000E+0	-8.45718E-9	50.0000E+0	-85.4000E+0	-187.000E-9
12.8000E+0	-8.44878E-9	50.0000E+0	-85.4000E+0	-187.000E-9
13.0000E+0	-8.59663E-9	0.00000E+0	-85.4000E+0	-187.000E-9
13.2000E+0	-9.40846E-9	0.00000E+0	-85.4000E+0	-187.000E-9
13.4000E+0	-9.47168E-9	50.0000E+0	-85.4000E+0	-187.000E-9
13.6000E+0	-9.58736E-9	0.00000E+0	-85.4000E+0	-187.000E-9
13.8000E+0	-9.51264E-9	50.0000E+0	-85.4000E+0	-187.000E-9
14.0000E+0	-9.66474E-9	0.00000E+0	-85.4000E+0	-187.000E-9
14.2000E+0	-9.43175E-9	0.00000E+0	-85.4000E+0	-187.000E-9
14.4000E+0	-49.4231E-9	300.000E+0	-85.4000E+0	-187.000E-9
14.6000E+0	-49.4231E-9	150.000E+0	-85.4000E+0	-187.000E-9
14.8000E+0	-49.4229E-9	600.000E+0	-85.4000E+0	-187.000E-9
15.0000E+0	-49.4230E-9	350.000E+0	-85.4000E+0	-187.000E-9
15.2000E+0	-49.4231E-9	300.000E+0	-85.4000E+0	-187.000E-9
15.4000E+0	-49.4231E-9	300.000E+0	-85.4000E+0	-187.000E-9
15.6000E+0	-49.4231E-9	250.000E+0	-85.4000E+0	-187.000E-9
15.8000E+0	-49.4231E-9	450.000E+0	-85.4000E+0	-187.000E-9
16.0000E+0	-49.4231E-9	250.000E+0	-85.4000E+0	-187.000E-9
16.2000E+0	-49.4229E-9	50.0000E+0	-85.4000E+0	-187.000E-9
16.4000E+0	-49.4229E-9	50.0000E+0	-85.4000E+0	-187.000E-9
16.6000E+0	-39.9132E-9	50.0000E+0	-85.4000E+0	-187.000E-9
16.8000E+0	-39.4607E-9	250.000E+0	-85.4000E+0	-187.000E-9
17.0000E+0	-39.4547E-9	0.00000E+0	-85.4000E+0	-187.000E-9
17.2000E+0	-39.4275E-9	0.00000E+0	-85.4000E+0	-187.000E-9
17.4000E+0	-39.6375E-9	50.0000E+0	-85.4000E+0	-187.000E-9
17.6000E+0	-32.8138E-9	50.0000E+0	-85.4000E+0	-187.000E-9
17.8000E+0	-32.6619E-9	0.00000E+0	-85.4000E+0	-187.000E-9
18.0000E+0	-32.8307E-9	50.0000E+0	-85.4000E+0	-187.000E-9
18.2000E+0	-32.8619E-9	0.00000E+0	-85.4000E+0	-187.000E-9
18.4000E+0	-32.9425E-9	50.0000E+0	-85.4000E+0	-187.000E-9
18.6000E+0	-32.9665E-9	50.0000E+0	-85.4000E+0	-187.000E-9
18.8000E+0	-33.0153E-9	0.00000E+0	-85.4000E+0	-187.000E-9
19.0000E+0	-32.9805E-9	50.0000E+0	-85.4000E+0	-187.000E-9
19.2000E+0	-32.5037E-9	0.00000E+0	-85.4000E+0	-187.000E-9
19.4000E+0	-32.2614E-9	0.00000E+0	-85.4000E+0	-187.000E-9
19.6000E+0	-31.6216E-9	50.0000E+0	-85.4000E+0	-187.000E-9
19.8000E+0	-31.5291E-9	0.00000E+0	-85.4000E+0	-187.000E-9
20.0000E+0	-30.7997E-9	50.0000E+0	-85.4000E+0	-187.000E-9
20.2000E+0	-30.8325E-9	50.0000E+0	-85.4000E+0	-187.000E-9
20.4000E+0	-49.4229E-9	50.0000E+0	-85.4000E+0	-187.000E-9
20.6000E+0	-49.4230E-9	150.000E+0	-85.4000E+0	-187.000E-9
20.8000E+0	-49.4230E-9	50.0000E+0	-85.4000E+0	-187.000E-9
21.0000E+0	-25.8199E-9	50.0000E+0	-85.4000E+0	-187.000E-9
21.2000E+0	-25.7515E-9	50.0000E+0	-85.4000E+0	-187.000E-9
21.4000E+0	-25.7681E-9	0.00000E+0	-85.4000E+0	-187.000E-9
21.6000E+0	-49.4229E-9	50.0000E+0	-85.4000E+0	-187.000E-9
21.8000E+0	-49.4230E-9	0.00000E+0	-85.4000E+0	-187.000E-9
22.0000E+0	-49.4229E-9	50.0000E+0	-85.4000E+0	-187.000E-9
22.2000E+0	-49.4228E-9	50.0000E+0	-85.4000E+0	-187.000E-9
22.4000E+0	-49.4229E-9	100.000E+0	-85.4000E+0	-187.000E-9
22.6000E+0	-49.4230E-9	150.000E+0	-85.4000E+0	-187.000E-9
22.8000E+0	-49.4232E-9	50.0000E+0	-85.4000E+0	-187.000E-9
23.0000E+0	-49.4231E-9	100.000E+0	-85.4000E+0	-187.000E-9
23.2000E+0	-49.4231E-9	200.000E+0	-85.4000E+0	-187.000E-9
23.4000E+0	-49.4231E-9	150.000E+0	-85.4000E+0	-187.000E-9
23.6000E+0	-49.4233E-9	250.000E+0	-85.4000E+0	-187.000E-9
23.8000E+0	-49.4232E-9	100.000E+0	-85.4000E+0	-187.000E-9
24.0000E+0	-49.4231E-9	0.00000E+0	-85.4000E+0	-187.000E-9
24.2000E+0	-49.4232E-9	150.000E+0	-85.4000E+0	-187.000E-9
24.4000E+0	-49.4231E-9	0.00000E+0	-85.4000E+0	-187.000E-9
24.6000E+0	-23.8840E-9	0.00000E+0	-85.4000E+0	-187.000E-9
24.8000E+0	-15.9596E-9	0.00000E+0	-85.4000E+0	-187.000E-9
25.0000E+0	-43.4600E-9	100.000E+0	-85.4000E+0	-187.000E-9
25.2000E+0	-49.4233E-9	0.00000E+0	-85.4000E+0	-187.000E-9
25.4000E+0	-49.4233E-9	0.00000E+0	-85.4000E+0	-187.000E-9
25.6000E+0	-49.4231E-9	100.000E+0	-85.4000E+0	-187.000E-9
25.8000E+0	-49.4232E-9	50.0000E+0	-85.4000E+0	-187.000E-9
26.0000E+0	-49.4231E-9	100.000E+0	-85.4000E+0	-187.000E-9
26.2000E+0	-49.4230E-9	100.000E+0	-85.4000E+0	-187.000E-9
26.4000E+0	-49.4228E-9	0.00000E+0	-85.4000E+0	-187.000E-9
26.6000E+0	-49.4231E-9	0.00000E+0	-85.4000E+0	-187.000E-9
26.8000E+0	-49.4232E-9	50.0000E+0	-85.4000E+0	-187.000E-9
27.0000E+0	-49.4231E-9	0.00000E+0	-85.4000E+0	-187.000E-9
27.2000E+0	-49.4232E-9	50.0000E+0	-85.4000E+0	-187.000E-9
27.4000E+0	-49.4229E-9	0.00000E+0	-85.4000E+0	-187.000E-9
27.6000E+0	-49.4231E-9	50.0000E+0	-85.4000E+0	-187.000E-9
27.8000E+0	-49.4231E-9	0.00000E+0	-85.4000E+0	-187.000E-9
28.0000E+0	-49.4229E-9	0.00000E+0	-85.4000E+0	-187.000E-9
28.2000E+0	-49.4233E-9	0.00000E+0	-85.4000E+0	-187.000E-9
28.4000E+0	-35.3606E-9	50.0000E+0	-85.4000E+0	-187.000E-9
28.6000E+0	-35.5403E-9	50.0000E+0	-85.4000E+0	-187.000E-9
28.8000E+0	-34.4418E-9	0.00000E+0	-85.4000E+0	-187.000E-9
29.0000E+0	-41.2602E-9	0.00000E+0	-85.4000E+0	-187.000E-9
29.2000E+0	-36.0229E-9	50.0000E+0	-85.4000E+0	-187.000E-9
29.4000E+0	-40.3877E-9	50.0000E+0	-85.4000E+0	-187.000E-9
29.6000E+0	-43.6197E-9	0.00000E+0	-85.4000E+0	-187.000E-9
29.8000E+0	-41.8586E-9	50.0000E+0	-85.4000E+0	-187.000E-9
30.0000E+0	-36.5017E-9	0.00000E+0	-85.4000E+0	-187.000E-9
30.2000E+0	-36.2163E-9	0.00000E+0	-85.4000E+0	-187.000E-9
30.4000E+0	-35.4050E-9	50.0000E+0	-85.4000E+0	-187.000E-9
30.6000E+0	-38.0387E-9	0.00000E+0	-85.4000E+0	-187.000E-9
30.8000E+0	-35.1495E-9	100.000E+0	-85.4000E+0	-187.000E-9
31.0000E+0	-34.7868E-9	100.000E+0	-85.4000E+0	-187.000E-9
31.2000E+0	-33.4732E-9	50.0000E+0	-85.4000E+0	-187.000E-9
31.4000E+0	-34.8599E-9	0.00000E+0	-85.4000E+0	-187.000E-9
31.6000E+0	-35.8712E-9	50.0000E+0	-85.4000E+0	-187.000E-9
31.8000E+0	-35.8812E-9	50.0000E+0	-85.4000E+0	-187.000E-9
32.0000E+0	-35.5336E-9	100.000E+0	-85.4000E+0	-187.000E-9
32.2000E+0	-35.7599E-9	0.00000E+0	-85.4000E+0	-187.000E-9
32.4000E+0	-35.6114E-9	50.0000E+0	-85.4000E+0	-187.000E-9
32.6000E+0	-35.0734E-9	0.00000E+0	-85.4000E+0	-187.000E-9
32.8000E+0	-35.5636E-9	0.00000E+0	-85.4000E+0	-187.000E-9
33.0000E+0	-35.2359E-9	0.00000E+0	-85.4000E+0	-187.000E-9
33.2000E+0	-35.1794E-9	0.00000E+0	-85.4000E+0	-187.000E-9
33.4000E+0	-34.8652E-9	50.0000E+0	-85.4000E+0	-187.000E-9
33.6000E+0	-35.3112E-9	50.0000E+0	-85.4000E+0	-187.000E-9
33.8000E+0	-34.7858E-9	0.00000E+0	-85.4000E+0	-187.000E-9
34.0000E+0	-34.7444E-9	50.0000E+0	-85.4000E+0	-187.000E-9
34.2000E+0	-33.8197E-9	0.00000E+0	-85.4000E+0	-187.000E-9
34.4000E+0	-34.1248E-9	50.0000E+0	-85.4000E+0	-187.000E-9
34.6000E+0	-34.0936E-9	0.00000E+0	-85.4000E+0	-187.000E-9
34.8000E+0	-35.4546E-9	50.0000E+0	-85.4000E+0	-187.000E-9
35.0000E+0	-35.0308E-9	50.0000E+0	-85.4000E+0	-187.000E-9
35.2000E+0	-34.1683E-9	0.00000E+0	-85.4000E+0	-187.000E-9
35.4000E+0	-34.3211E-9	100.000E+0	-85.4000E+0	-187.000E-9
35.6000E+0	-34.4523E-9	0.00000E+0	-85.4000E+0	-187.000E-9
35.8000E+0	-34.9079E-9	100.000E+0	-85.4000E+0	-187.000E-9
36.0000E+0	-35.3140E-9	0.00000E+0	-85.4000E+0	-187.000E-9
36.2000E+0	-34.8433E-9	0.00000E+0	-85.4000E+0	-187.000E-9
36.4000E+0	-34.7992E-9	0.00000E+0	-85.4000E+0	-187.000E-9
36.6000E+0	-34.8905E-9	0.00000E+0	-85.4000E+0	-187.000E-9
36.8000E+0	-34.7872E-9	0.00000E+0	-85.4000E+0	-187.000E-9
37.0000E+0	-34.6531E-9	0.00000E+0	-85.4000E+0	-187.000E-9
37.2000E+0	-34.1174E-9	0.00000E+0	-85.4000E+0	-187.000E-9
37.4000E+0	-33.8640E-9	0.00000E+0	-85.4000E+0	-187.000E-9
37.6000E+0	-33.9931E-9	100.000E+0	-85.4000E+0	-187.000E-9
37.8000E+0	-34.1727E-9	0.00000E+0	-85.4000E+0	-187.000E-9
38.0000E+0	-34.2303E-9	50.0000E+0	-85.4000E+0	-187.000E-9
38.2000E+0	-34.1011E-9	0.00000E+0	-85.4000E+0	-187.000E-9
38.4000E+0	-33.7842E-9	50.0000E+0	-85.4000E+0	-187.000E-9
38.6000E+0	-33.7213E-9	0.00000E+0	-85.4000E+0	-187.000E-9
38.8000E+0	-33.7420E-9	0.00000E+0	-85.4000E+0	-187.000E-9
39.0000E+0	-33.7067E-9	0.00000E+0	-85.4000E+0	-187.000E-9
39.2000E+0	-33.7356E-9	50.0000E+0	-85.4000E+0	-187.000E-9
39.4000E+0	-33.9391E-9	0.00000E+0	-85.4000E+0	-187.000E-9
39.6000E+0	-33.8947E-9	100.000E+0	-85.4000E+0	-187.000E-9
39.8000E+0	-33.8096E-9	0.00000E+0	-85.4000E+0	-187.000E-9
40.0000E+0	-36.3697E-9	0.00000E+0	-85.4000E+0	-187.000E-9
40.2000E+0	-35.8511E-9	0.00000E+0	-85.4000E+0	-187.000E-9
40.4000E+0	-35.4263E-9	0.00000E+0	-85.4000E+0	-187.000E-9
40.6000E+0	-35.7431E-9	50.0000E+0	-85.4000E+0	-187.000E-9
40.8000E+0	-35.8420E-9	50.0000E+0	-85.4000E+0	-187.000E-9
41.0000E+0	-49.4226E-9	0.00000E+0	-85.4000E+0	-187.000E-9
41.2000E+0	-49.4229E-9	50.0000E+0	-85.4000E+0	-187.000E-9
41.4000E+0	-49.4228E-9	100.000E+0	-85.4000E+0	-187.000E-9
41.6000E+0	-49.4229E-9	150.000E+0	-85.4000E+0	-187.000E-9
41.8000E+0	-49.4230E-9	50.0000E+0	-85.4000E+0	-187.000E-9
42.0000E+0	-49.4229E-9	50.0000E+0	-85.4000E+0	-187.000E-9
42.2000E+0	-49.4230E-9	0.00000E+0	-85.4000E+0	-187.000E-9
42.4000E+0	-49.4231E-9	0.00000E+0	-85.4000E+0	-187.000E-9
42.6000E+0	-49.4229E-9	0.00000E+0	-85.4000E+0	-187.000E-9
42.8000E+0	-49.2502E-9	0.00000E+0	-85.4000E+0	-187.000E-9
43.0000E+0	-42.4418E-9	0.00000E+0	-85.4000E+0	-187.000E-9
43.2000E+0	-40.9159E-9	0.00000E+0	-85.4000E+0	-187.000E-9
43.4000E+0	-40.4700E-9	0.00000E+0	-85.4000E+0	-187.000E-9
43.6000E+0	-40.9595E-9	0.00000E+0	-85.4000E+0	-187.000E-9
43.8000E+0	-40.4587E-9	0.00000E+0	-85.4000E+0	-187.000E-9
44.0000E+0	-39.3930E-9	0.00000E+0	-85.4000E+0	-187.000E-9
44.2000E+0	-39.2202E-9	0.00000E+0	-85.4000E+0	-187.000E-9
44.4000E+0	-39.1255E-9	0.00000E+0	-85.4000E+0	-187.000E-9
44.6000E+0	-40.4212E-9	50.0000E+0	-85.4000E+0	-187.000E-9
44.8000E+0	-40.2053E-9	0.00000E+0	-85.4000E+0	-187.000E-9
45.0000E+0	-40.9747E-9	0.00000E+0	-85.4000E+0	-187.000E-9
45.2000E+0	-42.8153E-9	50.0000E+0	-85.4000E+0	-187.000E-9
45.4000E+0	-43.2678E-9	0.00000E+0	-85.4000E+0	-187.000E-9
45.6000E+0	-44.1486E-9	0.00000E+0	-85.4000E+0	-187.000E-9
45.8000E+0	-43.5461E-9	0.00000E+0	-85.4000E+0	-187.000E-9
46.0000E+0	-45.4084E-9	0.00000E+0	-85.4000E+0	-187.000E-9
46.2000E+0	-45.6904E-9	0.00000E+0	-85.4000E+0	-187.000E-9
46.4000E+0	-45.1286E-9	0.00000E+0	-85.4000E+0	-187.000E-9
46.6000E+0	-43.9223E-9	0.00000E+0	-85.4000E+0	-187.000E-9
46.8000E+0	-42.9764E-9	50.0000E+0	-85.4000E+0	-187.000E-9
47.0000E+0	-43.0577E-9	0.00000E+0	-85.4000E+0	-187.000E-9
47.2000E+0	-43.7073E-9	0.00000E+0	-85.4000E+0	-187.000E-9
47.4000E+0	-45.6501E-9	0.00000E+0	-85.4000E+0	-187.000E-9
47.6000E+0	-42.9202E-9	0.00000E+0	-85.4000E+0	-187.000E-9
47.8000E+0	-42.2039E-9	0.00000E+0	-85.4000E+0	-187.000E-9
48.0000E+0	-45.3849E-9	0.00000E+0	-85.4000E+0	-187.000E-9
48.2000E+0	-43.7281E-9	0.00000E+0	-85.4000E+0	-187.000E-9
48.4000E+0	-44.8750E-9	0.00000E+0	-85.4000E+0	-187.000E-9
48.6000E+0	-45.4712E-9	50.0000E+0	-85.4000E+0	-187.000E-9
48.8000E+0	-45.1742E-9	0.00000E+0	-85.4000E+0	-187.000E-9
49.0000E+0	-49.4231E-9	0.00000E+0	-85.4000E+0	-187.000E-9
49.2000E+0	-45.4729E-9	0.00000E+0	-85.4000E+0	-187.000E-9
49.4000E+0	-49.4231E-9	0.00000E+0	-85.4000E+0	-187.000E-9
49.6000E+0	-49.4230E-9	50.0000E+0	-85.4000E+0	-187.000E-9
49.8000E+0	-49.4231E-9	0.00000E+0	-85.4000E+0	-187.000E-9
50.0000E+0	-49.4230E-9	0.00000E+0	-85.4000E+0	-187.000E-9
50.2000E+0	-49.4232E-9	0.00000E+0	-85.4000E+0	-187.000E-9
50.4000E+0	-49.4232E-9	0.00000E+0	-85.4000E+0	-187.000E-9
50.6000E+0	-49.4232E-9	0.00000E+0	-85.4000E+0	-187.000E-9
50.8000E+0	-49.4232E-9	0.00000E+0	-85.4000E+0	-187.000E-9
51.0000E+0	-47.9398E-9	0.00000E+0	-85.4000E+0	-187.000E-9
51.2000E+0	-48.0696E-9	50.0000E+0	-85.4000E+0	-187.000E-9
51.4000E+0	-48.0745E-9	0.00000E+0	-85.4000E+0	-187.000E-9
51.6000E+0	-47.0381E-9	100.000E+0	-85.4000E+0	-187.000E-9
51.8000E+0	-47.4903E-9	100.000E+0	-85.4000E+0	-187.000E-9
52.0000E+0	-44.5153E-9	0.00000E+0	-85.4000E+0	-187.000E-9
52.2000E+0	-44.8928E-9	50.0000E+0	-85.4000E+0	-187.000E-9
52.4000E+0	-45.7606E-9	0.00000E+0	-85.4000E+0	-187.000E-9
52.6000E+0	-49.4230E-9	0.00000E+0	-85.4000E+0	-187.000E-9
52.8000E+0	-40.1058E-9	0.00000E+0	-85.4000E+0	-187.000E-9
53.0000E+0	-46.6196E-9	0.00000E+0	-85.4000E+0	-187.000E-9
53.2000E+0	-40.6038E-9	50.0000E+0	-85.4000E+0	-187.000E-9
53.4000E+0	-38.2741E-9	0.00000E+0	-85.4000E+0	-187.000E-9
53.6000E+0	-40.8458E-9	0.00000E+0	-85.4000E+0	-187.000E-9
53.8000E+0	-39.2063E-9	0.00000E+0	-85.4000E+0	-187.000E-9
54.0000E+0	-38.6193E-9	50.0000E+0	-85.4000E+0	-187.000E-9
54.2000E+0	-38.8699E-9	0.00000E+0	-85.4000E+0	-187.000E-9
54.4000E+0	-39.0083E-9	0.00000E+0	-85.4000E+0	-187.000E-9
54.6000E+0	-38.8349E-9	0.00000E+0	-85.4000E+0	-187.000E-9
54.8000E+0	-38.9357E-9	0.00000E+0	-85.4000E+0	-187.000E-9
55.0000E+0	-38.6192E-9	50.0000E+0	-85.4000E+0	-187.000E-9
55.2000E+0	-41.8553E-9	0.00000E+0	-85.4000E+0	-187.000E-9
55.4000E+0	-40.8354E-9	0.00000E+0	-85.4000E+0	-187.000E-9
55.6000E+0	-38.5258E-9	0.00000E+0	-85.4000E+0	-187.000E-9
55.8000E+0	-40.8960E-9	50.0000E+0	-85.4000E+0	-187.000E-9
56.0000E+0	-41.1871E-9	50.0000E+0	-85.4000E+0	-187.000E-9
56.2000E+0	-46.4140E-9	0.00000E+0	-85.4000E+0	-187.000E-9
56.4000E+0	-47.3052E-9	100.000E+0	-85.4000E+0	-187.000E-9
56.6000E+0	-41.3877E-9	100.000E+0	-85.4000E+0	-187.000E-9
56.8000E+0	-43.5642E-9	0.00000E+0	-85.4000E+0	-187.000E-9
57.0000E+0	-41.7343E-9	50.0000E+0	-85.4000E+0	-187.000E-9
57.2000E+0	-42.1097E-9	0.00000E+0	-85.4000E+0	-187.000E-9
57.4000E+0	-42.3481E-9	0.00000E+0	-85.4000E+0	-187.000E-9
57.6000E+0	-43.9214E-9	0.00000E+0	-85.4000E+0	-187.000E-9
57.8000E+0	-43.4521E-9	0.00000E+0	-85.4000E+0	-187.000E-9
58.0000E+0	-43.1492E-9	0.00000E+0	-85.4000E+0	-187.000E-9
58.2000E+0	-44.0292E-9	0.00000E+0	-85.4000E+0	-187.000E-9
58.4000E+0	-47.2575E-9	50.0000E+0	-85.4000E+0	-187.000E-9
58.6000E+0	-44.8215E-9	0.00000E+0	-85.4000E+0	-187.000E-9
58.8000E+0	-47.6508E-9	0.00000E+0	-85.4000E+0	-187.000E-9
59.0000E+0	-49.0781E-9	50.0000E+0	-85.4000E+0	-187.000E-9
59.2000E+0	-48.2406E-9	0.00000E+0	-85.4000E+0	-187.000E-9
59.4000E+0	-39.7080E-9	0.00000E+0	-85.4000E+0	-187.000E-9
59.6000E+0	-39.8324E-9	0.00000E+0	-85.4000E+0	-187.000E-9
59.8000E+0	-38.7330E-9	0.00000E+0	-85.4000E+0	-187.000E-9
60.0000E+0	-38.6628E-9	0.00000E+0	-85.4000E+0	-187.000E-9
60.2000E+0	-38.6328E-9	50.0000E+0	-85.4000E+0	-187.000E-9
60.4000E+0	-39.3583E-9	50.0000E+0	-85.4000E+0	-187.000E-9
60.6000E+0	-39.2453E-9	0.00000E+0	-85.4000E+0	-187.000E-9
60.8000E+0	-39.2764E-9	0.00000E+0	-85.4000E+0	-187.000E-9
61.0000E+0	-39.6980E-9	0.00000E+0	-85.4000E+0	-187.000E-9
61.2000E+0	-39.6354E-9	0.00000E+0	-85.4000E+0	-187.000E-9
61.4000E+0	-39.9209E-9	50.0000E+0	-85.4000E+0	-187.000E-9
61.6000E+0	-39.9217E-9	0.00000E+0	-85.4000E+0	-187.000E-9
61.8000E+0	-44.4221E-9	0.00000E+0	-85.4000E+0	-187.000E-9
62.0000E+0	-42.2732E-9	0.00000E+0	-85.4000E+0	-187.000E-9
62.2000E+0	-42.9883E-9	0.00000E+0	-85.4000E+0	-187.000E-9
62.4000E+0	-43.2673E-9	0.00000E+0	-85.4000E+0	-187.000E-9
62.6000E+0	-43.0057E-9	0.00000E+0	-85.4000E+0	-187.000E-9
62.8000E+0	-49.4231E-9	0.00000E+0	-85.4000E+0	-187.000E-9
63.0000E+0	-49.3559E-9	50.0000E+0	-85.4000E+0	-187.000E-9
63.2000E+0	-49.3262E-9	0.00000E+0	-85.4000E+0	-187.000E-9
63.4000E+0	-49.3844E-9	50.0000E+0	-85.4000E+0	-187.000E-9
63.6000E+0	-49.4231E-9	0.00000E+0	-85.4000E+0	-187.000E-9
63.8000E+0	-49.4072E-9	0.00000E+0	-85.4000E+0	-187.000E-9
64.0000E+0	-49.3620E-9	0.00000E+0	-85.4000E+0	-187.000E-9
64.2000E+0	-49.4234E-9	0.00000E+0	-85.4000E+0	-187.000E-9
64.4000E+0	-49.4233E-9	0.00000E+0	-85.4000E+0	-187.000E-9
64.6000E+0	-48.1235E-9	0.00000E+0	-85.4000E+0	-187.000E-9
64.8000E+0	-47.9297E-9	0.00000E+0	-85.4000E+0	-187.000E-9
65.0000E+0	-49.3126E-9	0.00000E+0	-85.4000E+0	-187.000E-9
65.2000E+0	-49.1316E-9	0.00000E+0	-85.4000E+0	-187.000E-9
65.4000E+0	-49.4233E-9	0.00000E+0	-85.4000E+0	-187.000E-9
65.6000E+0	-49.1606E-9	0.00000E+0	-85.4000E+0	-187.000E-9
65.8000E+0	-49.4233E-9	0.00000E+0	-85.4000E+0	-187.000E-9
66.0000E+0	-49.4233E-9	0.00000E+0	-85.4000E+0	-187.000E-9
66.2000E+0	-49.4234E-9	0.00000E+0	-85.4000E+0	-187.000E-9
66.4000E+0	-49.4234E-9	50.0000E+0	-85.4000E+0	-187.000E-9
66.6000E+0	-49.4233E-9	0.00000E+0	-85.4000E+0	-187.000E-9
66.8000E+0	-49.4231E-9	0.00000E+0	-85.4000E+0	-187.000E-9
67.0000E+0	-49.4232E-9	50.0000E+0	-85.4000E+0	-187.000E-9
67.2000E+0	-49.4232E-9	0.00000E+0	-85.4000E+0	-187.000E-9
67.4000E+0	-49.4231E-9	0.00000E+0	-85.4000E+0	-187.000E-9
67.6000E+0	-49.4231E-9	50.0000E+0	-85.4000E+0	-187.000E-9
67.8000E+0	-49.4232E-9	0.00000E+0	-85.4000E+0	-187.000E-9
68.0000E+0	-49.4232E-9	0.00000E+0	-85.4000E+0	-187.000E-9
68.2000E+0	-49.4232E-9	0.00000E+0	-85.4000E+0	-187.000E-9
68.4000E+0	-49.4232E-9	0.00000E+0	-85.4000E+0	-187.000E-9
68.6000E+0	-49.4232E-9	0.00000E+0	-85.4000E+0	-187.000E-9
68.8000E+0	-49.4234E-9	50.0000E+0	-85.4000E+0	-187.000E-9
69.0000E+0	-49.4235E-9	0.00000E+0	-85.4000E+0	-187.000E-9
69.2000E+0	-49.4233E-9	50.0000E+0	-85.4000E+0	-187.000E-9
69.4000E+0	-49.4233E-9	50.0000E+0	-85.4000E+0	-187.000E-9
69.6000E+0	-49.4234E-9	0.00000E+0	-85.4000E+0	-187.000E-9
69.8000E+0	-49.4235E-9	50.0000E+0	-85.4000E+0	-187.000E-9
70.0000E+0	-49.4234E-9	50.0000E+0	-85.4000E+0	-187.000E-9
70.2000E+0	-49.4233E-9	0.00000E+0	-85.4000E+0	-187.000E-9
70.4000E+0	-49.4234E-9	50.0000E+0	-85.4000E+0	-187.000E-9
70.6000E+0	-49.4235E-9	0.00000E+0	-85.4000E+0	-187.000E-9
70.8000E+0	-49.4233E-9	0.00000E+0	-85.4000E+0	-187.000E-9
71.0000E+0	-49.4233E-9	0.00000E+0	-85.4000E+0	-187.000E-9
71.2000E+0	-49.4233E-9	50.0000E+0	-85.4000E+0	-187.000E-9
71.4000E+0	-49.4232E-9	150.000E+0	-85.4000E+0	-187.000E-9
71.6000E+0	-49.4232E-9	0.00000E+0	-85.4000E+0	-187.000E-9
71.8000E+0	-49.4231E-9	0.00000E+0	-85.4000E+0	-187.000E-9
72.0000E+0	-49.4232E-9	0.00000E+0	-85.4000E+0	-187.000E-9
72.2000E+0	-49.4232E-9	50.0000E+0	-85.4000E+0	-187.000E-9
72.4000E+0	-49.4232E-9	100.000E+0	-85.4000E+0	-187.000E-9
72.6000E+0	-49.4231E-9	0.00000E+0	-85.4000E+0	-187.000E-9
72.8000E+0	-49.4232E-9	50.0000E+0	-85.4000E+0	-187.000E-9
73.0000E+0	-49.4230E-9	0.00000E+0	-85.4000E+0	-187.000E-9
73.2000E+0	-49.4230E-9	0.00000E+0	-85.4000E+0	-187.000E-9
73.4000E+0	-49.4232E-9	150.000E+0	-85.4000E+0	-187.000E-9
73.6000E+0	-49.4232E-9	0.00000E+0	-85.4000E+0	-187.000E-9
73.8000E+0	-49.4233E-9	100.000E+0	-85.4000E+0	-187.000E-9
74.0000E+0	-49.4233E-9	50.0000E+0	-85.4000E+0	-187.000E-9
74.2000E+0	-49.4231E-9	0.00000E+0	-85.4000E+0	-187.000E-9
74.4000E+0	-49.4233E-9	100.000E+0	-85.4000E+0	-187.000E-9
74.6000E+0	-49.4235E-9	100.000E+0	-85.4000E+0	-187.000E-9
74.8000E+0	-49.4234E-9	0.00000E+0	-85.4000E+0	-187.000E-9
75.0000E+0	-49.4234E-9	150.000E+0	-85.4000E+0	-187.000E-9
75.2000E+0	-49.4234E-9	50.0000E+0	-85.4000E+0	-187.000E-9
75.4000E+0	-49.4233E-9	50.0000E+0	-85.4000E+0	-187.000E-9
75.6000E+0	-49.4235E-9	200.000E+0	-85.4000E+0	-187.000E-9
75.8000E+0	-49.4234E-9	100.000E+0	-85.4000E+0	-187.000E-9
76.0000E+0	-49.4234E-9	50.0000E+0	-85.4000E+0	-187.000E-9
76.2000E+0	-49.4234E-9	0.00000E+0	-85.4000E+0	-187.000E-9
76.4000E+0	-49.4235E-9	150.000E+0	-85.4000E+0	-187.000E-9
76.6000E+0	-49.4233E-9	150.000E+0	-85.4000E+0	-187.000E-9
76.8000E+0	-49.4233E-9	50.0000E+0	-85.4000E+0	-187.000E-9
77.0000E+0	-49.4233E-9	50.0000E+0	-85.4000E+0	-187.000E-9
77.2000E+0	-49.4234E-9	50.0000E+0	-85.4000E+0	-187.000E-9
77.4000E+0	-49.4235E-9	50.0000E+0	-85.4000E+0	-187.000E-9
77.6000E+0	-49.4234E-9	150.000E+0	-85.4000E+0	-187.000E-9
77.8000E+0	-49.4234E-9	0.00000E+0	-85.4000E+0	-187.000E-9
78.0000E+0	-49.4234E-9	50.0000E+0	-85.4000E+0	-187.000E-9
78.2000E+0	-49.4232E-9	100.000E+0	-85.4000E+0	-187.000E-9
78.4000E+0	-49.4235E-9	200.000E+0	-85.4000E+0	-187.000E-9
78.6000E+0	-49.4234E-9	350.000E+0	-85.4000E+0	-187.000E-9
78.8000E+0	-49.4233E-9	200.000E+0	-85.4000E+0	-187.000E-9
79.0000E+0	-49.4235E-9	250.000E+0	-85.4000E+0	-187.000E-9
79.2000E+0	-49.4232E-9	100.000E+0	-85.4000E+0	-187.000E-9
79.4000E+0	-49.4232E-9	0.00000E+0	-85.4000E+0	-187.000E-9
79.6000E+0	-49.4232E-9	0.00000E+0	-85.4000E+0	-187.000E-9
79.8000E+0	-49.4236E-9	50.0000E+0	-85.4000E+0	-187.000E-9
80.0000E+0	-49.4235E-9	50.0000E+0	-85.4000E+0	-187.000E-9
80.2000E+0	-49.4234E-9	200.000E+0	-85.4000E+0	-187.000E-9
80.4000E+0	-49.4235E-9	0.00000E+0	-85.4000E+0	-187.000E-9
80.6000E+0	-49.4235E-9	0.00000E+0	-85.4000E+0	-187.000E-9
80.8000E+0	-49.4233E-9	0.00000E+0	-85.4000E+0	-187.000E-9
81.0000E+0	-49.4236E-9	0.00000E+0	-85.4000E+0	-187.000E-9
81.2000E+0	-49.4236E-9	50.0000E+0	-85.4000E+0	-187.000E-9
81.4000E+0	-49.4237E-9	0.00000E+0	-85.4000E+0	-187.000E-9
81.6000E+0	-49.4236E-9	0.00000E+0	-85.4000E+0	-187.000E-9
81.8000E+0	-49.4235E-9	0.00000E+0	-85.4000E+0	-187.000E-9
82.0000E+0	-49.4237E-9	0.00000E+0	-85.4000E+0	-187.000E-9
82.2000E+0	-49.4237E-9	0.00000E+0	-85.4000E+0	-187.000E-9
82.4000E+0	-49.4234E-9	0.00000E+0	-85.4000E+0	-187.000E-9
82.6000E+0	-49.4235E-9	0.00000E+0	-85.4000E+0	-187.000E-9
82.8000E+0	-49.4235E-9	0.00000E+0	-85.4000E+0	-187.000E-9
83.0000E+0	-49.4233E-9	0.00000E+0	-85.4000E+0	-187.000E-9
83.2000E+0	-49.4234E-9	0.00000E+0	-85.4000E+0	-187.000E-9
83.4000E+0	-49.4234E-9	0.00000E+0	-85.4000E+0	-187.000E-9
83.6000E+0	-49.4235E-9	0.00000E+0	-85.4000E+0	-187.000E-9
83.8000E+0	-49.4236E-9	0.00000E+0	-85.4000E+0	-187.000E-9
84.0000E+0	-49.4234E-9	0.00000E+0	-85.4000E+0	-187.000E-9
84.2000E+0	-49.4237E-9	0.00000E+0	-85.4000E+0	-187.000E-9
84.4000E+0	-49.4234E-9	0.00000E+0	-85.4000E+0	-187.000E-9
84.6000E+0	-49.4237E-9	0.00000E+0	-85.4000E+0	-187.000E-9
84.8000E+0	-49.4235E-9	0.00000E+0	-85.4000E+0	-187.000E-9
85.0000E+0	-49.4234E-9	0.00000E+0	-85.4000E+0	-187.000E-9
85.2000E+0	-49.4237E-9	0.00000E+0	-85.4000E+0	-187.000E-9
85.4000E+0	-49.4235E-9	0.00000E+0	-85.4000E+0	-187.000E-9
85.4000E+0	-49.4238E-9	0.00000E+0	-85.4000E+0	-187.000E-9
85.2000E+0	-49.4237E-9	0.00000E+0	-85.4000E+0	-187.000E-9
85.0000E+0	-49.4236E-9	0.00000E+0	-85.4000E+0	-187.000E-9
84.8000E+0	-49.4236E-9	0.00000E+0	-85.4000E+0	-187.000E-9
84.6000E+0	-49.4234E-9	0.00000E+0	-85.4000E+0	-187.000E-9
84.4000E+0	-49.4237E-9	0.00000E+0	-85.4000E+0	-187.000E-9
84.2000E+0	-49.4236E-9	0.00000E+0	-85.4000E+0	-187.000E-9
84.0000E+0	-49.4234E-9	0.00000E+0	-85.4000E+0	-187.000E-9
83.8000E+0	-49.4235E-9	0.00000E+0	-85.4000E+0	-187.000E-9
83.6000E+0	-49.4236E-9	0.00000E+0	-85.4000E+0	-187.000E-9
83.4000E+0	-49.4235E-9	0.00000E+0	-85.4000E+0	-187.000E-9
83.2000E+0	-49.4235E-9	0.00000E+0	-85.4000E+0	-187.000E-9
83.0000E+0	-49.4233E-9	0.00000E+0	-85.4000E+0	-187.000E-9
82.8000E+0	-49.4233E-9	0.00000E+0	-85.4000E+0	-187.000E-9
82.6000E+0	-49.4233E-9	0.00000E+0	-85.4000E+0	-187.000E-9
82.4000E+0	-49.4235E-9	0.00000E+0	-85.4000E+0	-187.000E-9
82.2000E+0	-49.4236E-9	0.00000E+0	-85.4000E+0	-187.000E-9
82.0000E+0	-49.4235E-9	0.00000E+0	-85.4000E+0	-187.000E-9
81.8000E+0	-49.4237E-9	0.00000E+0	-85.4000E+0	-187.000E-9
81.6000E+0	-49.4235E-9	0.00000E+0	-85.4000E+0	-187.000E-9
81.4000E+0	-49.4236E-9	0.00000E+0	-85.4000E+0	-187.000E-9
81.2000E+0	-49.4234E-9	0.00000E+0	-85.4000E+0	-187.000E-9
81.0000E+0	-49.4235E-9	0.00000E+0	-85.4000E+0	-187.000E-9
80.8000E+0	-49.4236E-9	0.00000E+0	-85.4000E+0	-187.000E-9
80.6000E+0	-49.4236E-9	0.00000E+0	-85.4000E+0	-187.000E-9
80.4000E+0	-49.4232E-9	0.00000E+0	-85.4000E+0	-187.000E-9
80.2000E+0	-49.4234E-9	0.00000E+0	-85.4000E+0	-187.000E-9
80.0000E+0	-49.4233E-9	0.00000E+0	-85.4000E+0	-187.000E-9
79.8000E+0	-49.4234E-9	0.00000E+0	-85.4000E+0	-187.000E-9
79.6000E+0	-49.4235E-9	0.00000E+0	-85.4000E+0	-187.000E-9
79.4000E+0	-49.4236E-9	0.00000E+0	-85.4000E+0	-187.000E-9
79.2000E+0	-49.4232E-9	0.00000E+0	-85.4000E+0	-187.000E-9
79.0000E+0	-49.4235E-9	0.00000E+0	-85.4000E+0	-187.000E-9
78.8000E+0	-49.4233E-9	0.00000E+0	-85.4000E+0	-187.000E-9
78.6000E+0	-49.4232E-9	0.00000E+0	-85.4000E+0	-187.000E-9
78.4000E+0	-49.4233E-9	0.00000E+0	-85.4000E+0	-187.000E-9
78.2000E+0	-49.4235E-9	0.00000E+0	-85.4000E+0	-187.000E-9
78.0000E+0	-49.4235E-9	150.000E+0	-85.4000E+0	-187.000E-9
77.8000E+0	-49.4233E-9	100.000E+0	-85.4000E+0	-187.000E-9
77.6000E+0	-49.4233E-9	100.000E+0	-85.4000E+0	-187.000E-9
77.4000E+0	-49.4236E-9	0.00000E+0	-85.4000E+0	-187.000E-9
77.2000E+0	-49.4235E-9	50.0000E+0	-85.4000E+0	-187.000E-9
77.0000E+0	-49.4236E-9	50.0000E+0	-85.4000E+0	-187.000E-9
76.8000E+0	-49.4234E-9	50.0000E+0	-85.4000E+0	-187.000E-9
76.6000E+0	-49.4236E-9	150.000E+0	-85.4000E+0	-187.000E-9
76.4000E+0	-49.4235E-9	150.000E+0	-85.4000E+0	-187.000E-9
76.2000E+0	-49.4238E-9	100.000E+0	-85.4000E+0	-187.000E-9
76.0000E+0	-49.4238E-9	100.000E+0	-85.4000E+0	-187.000E-9
75.8000E+0	-49.4238E-9	0.00000E+0	-85.4000E+0	-187.000E-9
75.6000E+0	-49.4237E-9	50.0000E+0	-85.4000E+0	-187.000E-9
75.4000E+0	-49.4237E-9	50.0000E+0	-85.4000E+0	-187.000E-9
75.2000E+0	-49.4237E-9	50.0000E+0	-85.4000E+0	-187.000E-9
75.0000E+0	-49.4238E-9	50.0000E+0	-85.4000E+0	-187.000E-9
74.8000E+0	-49.4238E-9	0.00000E+0	-85.4000E+0	-187.000E-9
74.6000E+0	-49.4237E-9	0.00000E+0	-85.4000E+0	-187.000E-9
74.4000E+0	-49.4237E-9	0.00000E+0	-85.4000E+0	-187.000E-9
74.2000E+0	-49.4235E-9	50.0000E+0	-85.4000E+0	-187.000E-9
74.0000E+0	-49.4238E-9	50.0000E+0	-85.4000E+0	-187.000E-9
73.8000E+0	-49.4238E-9	50.0000E+0	-85.4000E+0	-187.000E-9
73.6000E+0	-49.4238E-9	0.00000E+0	-85.4000E+0	-187.000E-9
73.4000E+0	-49.4237E-9	0.00000E+0	-85.4000E+0	-187.000E-9
73.2000E+0	-49.4238E-9	0.00000E+0	-85.4000E+0	-187.000E-9
73.0000E+0	-49.4240E-9	0.00000E+0	-85.4000E+0	-187.000E-9
72.8000E+0	-49.4236E-9	0.00000E+0	-85.4000E+0	-187.000E-9
72.6000E+0	-49.4236E-9	50.0000E+0	-85.4000E+0	-187.000E-9
72.4000E+0	-49.4234E-9	100.000E+0	-85.4000E+0	-187.000E-9
72.2000E+0	-49.4235E-9	50.0000E+0	-85.4000E+0	-187.000E-9
72.0000E+0	-49.4234E-9	50.0000E+0	-85.4000E+0	-187.000E-9
71.8000E+0	-49.4234E-9	0.00000E+0	-85.4000E+0	-187.000E-9
71.6000E+0	-49.4235E-9	0.00000E+0	-85.4000E+0	-187.000E-9
71.4000E+0	-49.4235E-9	50.0000E+0	-85.4000E+0	-187.000E-9
71.2000E+0	-49.4234E-9	0.00000E+0	-85.4000E+0	-187.000E-9
71.0000E+0	-49.4236E-9	50.0000E+0	-85.4000E+0	-187.000E-9
70.8000E+0	-49.4236E-9	50.0000E+0	-85.4000E+0	-187.000E-9
70.6000E+0	-49.4237E-9	50.0000E+0	-85.4000E+0	-187.000E-9
70.4000E+0	-49.4237E-9	0.00000E+0	-85.4000E+0	-187.000E-9
70.2000E+0	-49.4237E-9	50.0000E+0	-85.4000E+0	-187.000E-9
70.0000E+0	-49.4235E-9	0.00000E+0	-85.4000E+0	-187.000E-9
69.8000E+0	-49.4237E-9	0.00000E+0	-85.4000E+0	-187.000E-9
69.6000E+0	-49.4236E-9	0.00000E+0	-85.4000E+0	-187.000E-9
69.4000E+0	-49.4236E-9	0.00000E+0	-85.4000E+0	-187.000E-9
69.2000E+0	-49.4236E-9	0.00000E+0	-85.4000E+0	-187.000E-9
69.0000E+0	-49.4237E-9	0.00000E+0	-85.4000E+0	-187.000E-9
68.8000E+0	-49.4236E-9	50.0000E+0	-85.4000E+0	-187.000E-9
68.6000E+0	-49.4235E-9	0.00000E+0	-85.4000E+0	-187.000E-9
68.4000E+0	-49.4234E-9	0.00000E+0	-85.4000E+0	-187.000E-9
68.2000E+0	-49.4236E-9	0.00000E+0	-85.4000E+0	-187.000E-9
68.0000E+0	-49.4233E-9	0.00000E+0	-85.4000E+0	-187.000E-9
67.8000E+0	-49.4236E-9	0.00000E+0	-85.4000E+0	-187.000E-9
67.6000E+0	-49.4237E-9	0.00000E+0	-85.4000E+0	-187.000E-9
67.4000E+0	-49.4235E-9	0.00000E+0	-85.4000E+0	-187.000E-9
67.2000E+0	-49.4238E-9	0.00000E+0	-85.4000E+0	-187.000E-9
67.0000E+0	-49.4237E-9	100.000E+0	-85.4000E+0	-187.000E-9
66.8000E+0	-49.4236E-9	0.00000E+0	-85.4000E+0	-187.000E-9
66.6000E+0	-49.4236E-9	50.0000E+0	-85.4000E+0	-187.000E-9
66.4000E+0	-49.4237E-9	0.00000E+0	-85.4000E+0	-187.000E-9
66.2000E+0	-49.4236E-9	0.00000E+0	-85.4000E+0	-187.000E-9
66.0000E+0	-49.4236E-9	0.00000E+0	-85.4000E+0	-187.000E-9
65.8000E+0	-49.4236E-9	0.00000E+0	-85.4000E+0	-187.000E-9
65.6000E+0	-49.4235E-9	0.00000E+0	-85.4000E+0	-187.000E-9
65.4000E+0	-49.4236E-9	0.00000E+0	-85.4000E+0	-187.000E-9
65.2000E+0	-49.4234E-9	0.00000E+0	-85.4000E+0	-187.000E-9
65.0000E+0	-49.4235E-9	0.00000E+0	-85.4000E+0	-187.000E-9
64.8000E+0	-49.4234E-9	150.000E+0	-85.4000E+0	-187.000E-9
64.6000E+0	-49.4234E-9	50.0000E+0	-85.4000E+0	-187.000E-9
64.4000E+0	-49.4234E-9	0.00000E+0	-85.4000E+0	-187.000E-9
64.2000E+0	-49.4235E-9	0.00000E+0	-85.4000E+0	-187.000E-9
64.0000E+0	-49.4235E-9	0.00000E+0	-85.4000E+0	-187.000E-9
63.8000E+0	-49.4233E-9	0.00000E+0	-85.4000E+0	-187.000E-9
63.6000E+0	-49.4236E-9	100.000E+0	-85.4000E+0	-187.000E-9
63.4000E+0	-49.4235E-9	0.00000E+0	-85.4000E+0	-187.000E-9
63.2000E+0	-49.4235E-9	0.00000E+0	-85.4000E+0	-187.000E-9
63.0000E+0	-49.4234E-9	0.00000E+0	-85.4000E+0	-187.000E-9
62.8000E+0	-49.4233E-9	0.00000E+0	-85.4000E+0	-187.000E-9
62.6000E+0	-49.4234E-9	0.00000E+0	-85.4000E+0	-187.000E-9
62.4000E+0	-49.4235E-9	0.00000E+0	-85.4000E+0	-187.000E-9
62.2000E+0	-49.4234E-9	0.00000E+0	-85.4000E+0	-187.000E-9
62.0000E+0	-49.4232E-9	0.00000E+0	-85.4000E+0	-187.000E-9
61.8000E+0	-49.4234E-9	100.000E+0	-85.4000E+0	-187.000E-9
61.6000E+0	-49.4234E-9	50.0000E+0	-85.4000E+0	-187.000E-9
61.4000E+0	-49.4232E-9	150.000E+0	-85.4000E+0	-187.000E-9
61.2000E+0	-49.4234E-9	50.0000E+0	-85.4000E+0	-187.000E-9
61.0000E+0	-49.4234E-9	0.00000E+0	-85.4000E+0	-187.000E-9
60.8000E+0	-49.4234E-9	0.00000E+0	-85.4000E+0	-187.000E-9
60.6000E+0	-49.4236E-9	0.00000E+0	-85.4000E+0	-187.000E-9
60.4000E+0	-49.4235E-9	0.00000E+0	-85.4000E+0	-187.000E-9
60.2000E+0	-49.4234E-9	0.00000E+0	-85.4000E+0	-187.000E-9
60.0000E+0	-49.4234E-9	0.00000E+0	-85.4000E+0	-187.000E-9
59.8000E+0	-49.4234E-9	0.00000E+0	-85.4000E+0	-187.000E-9
59.6000E+0	-49.4235E-9	0.00000E+0	-85.4000E+0	-187.000E-9
59.4000E+0	-49.4236E-9	0.00000E+0	-85.4000E+0	-187.000E-9
59.2000E+0	-49.4235E-9	50.0000E+0	-85.4000E+0	-187.000E-9
59.0000E+0	-49.4236E-9	50.0000E+0	-85.4000E+0	-187.000E-9
58.8000E+0	-49.4233E-9	0.00000E+0	-85.4000E+0	-187.000E-9
58.6000E+0	-49.4235E-9	0.00000E+0	-85.4000E+0	-187.000E-9
58.4000E+0	-49.4235E-9	50.0000E+0	-85.4000E+0	-187.000E-9
58.2000E+0	-49.4235E-9	0.00000E+0	-85.4000E+0	-187.000E-9
58.0000E+0	-49.4233E-9	50.0000E+0	-85.4000E+0	-187.000E-9
57.8000E+0	-49.4235E-9	50.0000E+0	-85.4000E+0	-187.000E-9
57.6000E+0	-49.4236E-9	0.00000E+0	-85.4000E+0	-187.000E-9
57.4000E+0	-49.4235E-9	0.00000E+0	-85.4000E+0	-187.000E-9
57.2000E+0	-49.4234E-9	250.000E+0	-85.4000E+0	-187.000E-9
57.0000E+0	-49.4234E-9	250.000E+0	-85.4000E+0	-187.000E-9
56.8000E+0	-49.4237E-9	300.000E+0	-85.4000E+0	-187.000E-9
56.6000E+0	-49.4236E-9	200.000E+0	-85.4000E+0	-187.000E-9
56.4000E+0	-49.4236E-9	150.000E+0	-85.4000E+0	-187.000E-9
56.2000E+0	-49.4237E-9	200.000E+0	-85.4000E+0	-187.000E-9
56.0000E+0	-49.4237E-9	0.00000E+0	-85.4000E+0	-187.000E-9
55.8000E+0	-49.4235E-9	50.0000E+0	-85.4000E+0	-187.000E-9
55.6000E+0	-49.4237E-9	0.00000E+0	-85.4000E+0	-187.000E-9
55.4000E+0	-49.4236E-9	0.00000E+0	-85.4000E+0	-187.000E-9
55.2000E+0	-49.4233E-9	0.00000E+0	-85.4000E+0	-187.000E-9
55.0000E+0	-49.4234E-9	50.0000E+0	-85.4000E+0	-187.000E-9
54.8000E+0	-49.4232E-9	0.00000E+0	-85.4000E+0	-187.000E-9
54.6000E+0	-49.4235E-9	50.0000E+0	-85.4000E+0	-187.000E-9
54.4000E+0	-49.4235E-9	50.0000E+0	-85.4000E+0	-187.000E-9
54.2000E+0	-49.4234E-9	0.00000E+0	-85.4000E+0	-187.000E-9
54.0000E+0	-49.4236E-9	0.00000E+0	-85.4000E+0	-187.000E-9
53.8000E+0	-49.4234E-9	0.00000E+0	-85.4000E+0	-187.000E-9
53.6000E+0	-49.4235E-9	50.0000E+0	-85.4000E+0	-187.000E-9
53.4000E+0	-49.4235E-9	100.000E+0	-85.4000E+0	-187.000E-9
53.2000E+0	-49.4235E-9	50.0000E+0	-85.4000E+0	-187.000E-9
53.0000E+0	-49.4235E-9	0.00000E+0	-85.4000E+0	-187.000E-9
52.8000E+0	-49.4234E-9	0.00000E+0	-85.4000E+0	-187.000E-9
52.6000E+0	-49.4235E-9	100.000E+0	-85.4000E+0	-187.000E-9
52.4000E+0	-49.4235E-9	50.0000E+0	-85.4000E+0	-187.000E-9
52.2000E+0	-49.4235E-9	50.0000E+0	-85.4000E+0	-187.000E-9
52.0000E+0	-49.4234E-9	0.00000E+0	-85.4000E+0	-187.000E-9
51.8000E+0	-49.4234E-9	0.00000E+0	-85.4000E+0	-187.000E-9
51.6000E+0	-49.4234E-9	0.00000E+0	-85.4000E+0	-187.000E-9
51.4000E+0	-49.4237E-9	50.0000E+0	-85.4000E+0	-187.000E-9
51.2000E+0	-49.4236E-9	0.00000E+0	-85.4000E+0	-187.000E-9
51.0000E+0	-49.4237E-9	0.00000E+0	-85.4000E+0	-187.000E-9
50.8000E+0	-49.4235E-9	100.000E+0	-85.4000E+0	-187.000E-9
50.6000E+0	-49.4235E-9	50.0000E+0	-85.4000E+0	-187.000E-9
50.4000E+0	-49.4235E-9	50.0000E+0	-85.4000E+0	-187.000E-9
50.2000E+0	-49.4235E-9	100.000E+0	-85.4000E+0	-187.000E-9
50.0000E+0	-49.4236E-9	0.00000E+0	-85.4000E+0	-187.000E-9
49.8000E+0	-49.4234E-9	100.000E+0	-85.4000E+0	-187.000E-9
49.6000E+0	-49.4234E-9	100.000E+0	-85.4000E+0	-187.000E-9
49.4000E+0	-49.4236E-9	100.000E+0	-85.4000E+0	-187.000E-9
49.2000E+0	-49.4236E-9	50.0000E+0	-85.4000E+0	-187.000E-9
49.0000E+0	-49.4236E-9	100.000E+0	-85.4000E+0	-187.000E-9
48.8000E+0	-49.4234E-9	0.00000E+0	-85.4000E+0	-187.000E-9
48.6000E+0	-49.4238E-9	50.0000E+0	-85.4000E+0	-187.000E-9
48.4000E+0	-49.4237E-9	100.000E+0	-85.4000E+0	-187.000E-9
48.2000E+0	-49.4237E-9	0.00000E+0	-85.4000E+0	-187.000E-9
48.0000E+0	-49.4235E-9	50.0000E+0	-85.4000E+0	-187.000E-9
47.8000E+0	-49.4235E-9	0.00000E+0	-85.4000E+0	-187.000E-9
47.6000E+0	-49.4237E-9	50.0000E+0	-85.4000E+0	-187.000E-9
47.4000E+0	-49.4236E-9	0.00000E+0	-85.4000E+0	-187.000E-9
47.2000E+0	-49.4235E-9	50.0000E+0	-85.4000E+0	-187.000E-9
47.0000E+0	-49.4236E-9	100.000E+0	-85.4000E+0	-187.000E-9
46.8000E+0	-49.4234E-9	100.000E+0	-85.4000E+0	-187.000E-9
46.6000E+0	-49.4238E-9	0.00000E+0	-85.4000E+0	-187.000E-9
46.4000E+0	-49.4236E-9	0.00000E+0	-85.4000E+0	-187.000E-9
46.2000E+0	-49.4234E-9	0.00000E+0	-85.4000E+0	-187.000E-9
46.0000E+0	-49.4236E-9	150.000E+0	-85.4000E+0	-187.000E-9
45.8000E+0	-49.4234E-9	100.000E+0	-85.4000E+0	-187.000E-9
45.6000E+0	-49.4236E-9	0.00000E+0	-85.4000E+0	-187.000E-9
45.4000E+0	-49.4234E-9	100.000E+0	-85.4000E+0	-187.000E-9
45.2000E+0	-49.4236E-9	0.00000E+0	-85.4000E+0	-187.000E-9
45.0000E+0	-49.4235E-9	150.000E+0	-85.4000E+0	-187.000E-9
44.8000E+0	-49.4236E-9	150.000E+0	-85.4000E+0	-187.000E-9
44.6000E+0	-49.4236E-9	100.000E+0	-85.4000E+0	-187.000E-9
44.4000E+0	-49.4238E-9	50.0000E+0	-85.4000E+0	-187.000E-9
44.2000E+0	-49.4236E-9	50.0000E+0	-85.4000E+0	-187.000E-9
44.0000E+0	-49.4233E-9	0.00000E+0	-85.4000E+0	-187.000E-9
43.8000E+0	-49.4236E-9	50.0000E+0	-85.4000E+0	-187.000E-9
43.6000E+0	-49.4235E-9	50.0000E+0	-85.4000E+0	-187.000E-9
43.4000E+0	-49.4233E-9	50.0000E+0	-85.4000E+0	-187.000E-9
43.2000E+0	-49.4235E-9	0.00000E+0	-85.4000E+0	-187.000E-9
43.0000E+0	-49.4235E-9	0.00000E+0	-85.4000E+0	-187.000E-9
42.8000E+0	-49.4235E-9	50.0000E+0	-85.4000E+0	-187.000E-9
42.6000E+0	-49.4235E-9	100.000E+0	-85.4000E+0	-187.000E-9
42.4000E+0	-49.4236E-9	0.00000E+0	-85.4000E+0	-187.000E-9
42.2000E+0	-49.4235E-9	0.00000E+0	-85.4000E+0	-187.000E-9
42.0000E+0	-49.4235E-9	50.0000E+0	-85.4000E+0	-187.000E-9
41.8000E+0	-49.4238E-9	50.0000E+0	-85.4000E+0	-187.000E-9
41.6000E+0	-49.4237E-9	0.00000E+0	-85.4000E+0	-187.000E-9
41.4000E+0	-49.4237E-9	0.00000E+0	-85.4000E+0	-187.000E-9
41.2000E+0	-49.4238E-9	50.0000E+0	-85.4000E+0	-187.000E-9
41.0000E+0	-49.4237E-9	0.00000E+0	-85.4000E+0	-187.000E-9
40.8000E+0	-49.4237E-9	0.00000E+0	-85.4000E+0	-187.000E-9
40.6000E+0	-49.4237E-9	50.0000E+0	-85.4000E+0	-187.000E-9
40.4000E+0	-49.4237E-9	0.00000E+0	-85.4000E+0	-187.000E-9
40.2000E+0	-49.4238E-9	0.00000E+0	-85.4000E+0	-187.000E-9
40.0000E+0	-49.4239E-9	0.00000E+0	-85.4000E+0	-187.000E-9
39.8000E+0	-49.4238E-9	50.0000E+0	-85.4000E+0	-187.000E-9
39.6000E+0	-49.4237E-9	0.00000E+0	-85.4000E+0	-187.000E-9
39.4000E+0	-49.4238E-9	50.0000E+0	-85.4000E+0	-187.000E-9
39.2000E+0	-49.4237E-9	50.0000E+0	-85.4000E+0	-187.000E-9
39.0000E+0	-49.4238E-9	100.000E+0	-85.4000E+0	-187.000E-9
38.8000E+0	-49.4237E-9	150.000E+0	-85.4000E+0	-187.000E-9
38.6000E+0	-49.4236E-9	50.0000E+0	-85.4000E+0	-187.000E-9
38.4000E+0	-49.4238E-9	0.00000E+0	-85.4000E+0	-187.000E-9
38.2000E+0	-49.4237E-9	0.00000E+0	-85.4000E+0	-187.000E-9
38.0000E+0	-49.4236E-9	50.0000E+0	-85.4000E+0	-187.000E-9
37.8000E+0	-49.4237E-9	0.00000E+0	-85.4000E+0	-187.000E-9
37.6000E+0	-49.4235E-9	0.00000E+0	-85.4000E+0	-187.000E-9
37.4000E+0	-49.4236E-9	100.000E+0	-85.4000E+0	-187.000E-9
37.2000E+0	-49.4238E-9	150.000E+0	-85.4000E+0	-187.000E-9
37.0000E+0	-49.4233E-9	50.0000E+0	-85.4000E+0	-187.000E-9
36.8000E+0	-49.4237E-9	0.00000E+0	-85.4000E+0	-187.000E-9
36.6000E+0	-49.4237E-9	0.00000E+0	-85.4000E+0	-187.000E-9
36.4000E+0	-49.4235E-9	150.000E+0	-85.4000E+0	-187.000E-9
36.2000E+0	-49.4236E-9	100.000E+0	-85.4000E+0	-187.000E-9
36.0000E+0	-49.4236E-9	50.0000E+0	-85.4000E+0	-187.000E-9
35.8000E+0	-49.4236E-9	0.00000E+0	-85.4000E+0	-187.000E-9
35.6000E+0	-49.4236E-9	0.00000E+0	-85.4000E+0	-187.000E-9
35.4000E+0	-49.4237E-9	50.0000E+0	-85.4000E+0	-187.000E-9
35.2000E+0	-49.4239E-9	0.00000E+0	-85.4000E+0	-187.000E-9
35.0000E+0	-49.4235E-9	200.000E+0	-85.4000E+0	-187.000E-9
34.8000E+0	-49.4235E-9	150.000E+0	-85.4000E+0	-187.000E-9
34.6000E+0	-49.4235E-9	100.000E+0	-85.4000E+0	-187.000E-9
34.4000E+0	-49.4235E-9	100.000E+0	-85.4000E+0	-187.000E-9
34.2000E+0	-49.4236E-9	0.00000E+0	-85.4000E+0	-187.000E-9
34.0000E+0	-49.4235E-9	0.00000E+0	-85.4000E+0	-187.000E-9
33.8000E+0	-49.4235E-9	0.00000E+0	-85.4000E+0	-187.000E-9
33.6000E+0	-49.4236E-9	100.000E+0	-85.4000E+0	-187.000E-9
33.4000E+0	-49.4235E-9	100.000E+0	-85.4000E+0	-187.000E-9
33.2000E+0	-49.4236E-9	0.00000E+0	-85.4000E+0	-187.000E-9
33.0000E+0	-49.4237E-9	50.0000E+0	-85.4000E+0	-187.000E-9
32.8000E+0	-49.4237E-9	0.00000E+0	-85.4000E+0	-187.000E-9
32.6000E+0	-49.4234E-9	0.00000E+0	-85.4000E+0	-187.000E-9
32.4000E+0	-49.4235E-9	0.00000E+0	-85.4000E+0	-187.000E-9
32.2000E+0	-49.4236E-9	0.00000E+0	-85.4000E+0	-187.000E-9
32.0000E+0	-49.4236E-9	100.000E+0	-85.4000E+0	-187.000E-9
31.8000E+0	-49.4234E-9	50.0000E+0	-85.4000E+0	-187.000E-9
31.6000E+0	-49.4236E-9	50.0000E+0	-85.4000E+0	-187.000E-9
31.4000E+0	-49.4239E-9	150.000E+0	-85.4000E+0	-187.000E-9
31.2000E+0	-49.4237E-9	0.00000E+0	-85.4000E+0	-187.000E-9
31.0000E+0	-49.4236E-9	100.000E+0	-85.4000E+0	-187.000E-9
30.8000E+0	-49.4237E-9	100.000E+0	-85.4000E+0	-187.000E-9
30.6000E+0	-49.4237E-9	150.000E+0	-85.4000E+0	-187.000E-9
30.4000E+0	-49.4240E-9	50.0000E+0	-85.4000E+0	-187.000E-9
30.2000E+0	-49.4236E-9	200.000E+0	-85.4000E+0	-187.000E-9
30.0000E+0	-49.4238E-9	50.0000E+0	-85.4000E+0	-187.000E-9
29.8000E+0	-49.4236E-9	50.0000E+0	-85.4000E+0	-187.000E-9
29.6000E+0	-49.4239E-9	50.0000E+0	-85.4000E+0	-187.000E-9
29.4000E+0	-49.4238E-9	100.000E+0	-85.4000E+0	-187.000E-9
29.2000E+0	-49.4237E-9	0.00000E+0	-85.4000E+0	-187.000E-9
29.0000E+0	-49.4238E-9	100.000E+0	-85.4000E+0	-187.000E-9
28.8000E+0	-49.4236E-9	0.00000E+0	-85.4000E+0	-187.000E-9
28.6000E+0	-49.4239E-9	150.000E+0	-85.4000E+0	-187.000E-9
28.4000E+0	-49.4236E-9	150.000E+0	-85.4000E+0	-187.000E-9
28.2000E+0	-49.4236E-9	250.000E+0	-85.4000E+0	-187.000E-9
28.0000E+0	-49.4237E-9	300.000E+0	-85.4000E+0	-187.000E-9
27.8000E+0	-49.4236E-9	0.00000E+0	-85.4000E+0	-187.000E-9
27.6000E+0	-49.4237E-9	250.000E+0	-85.4000E+0	-187.000E-9
27.4000E+0	-49.4239E-9	100.000E+0	-85.4000E+0	-187.000E-9
27.2000E+0	-49.4236E-9	300.000E+0	-85.4000E+0	-187.000E-9
27.0000E+0	-49.4238E-9	100.000E+0	-85.4000E+0	-187.000E-9
26.8000E+0	-49.4237E-9	50.0000E+0	-85.4000E+0	-187.000E-9
26.6000E+0	-49.4237E-9	100.000E+0	-85.4000E+0	-187.000E-9
26.4000E+0	-49.4238E-9	200.000E+0	-85.4000E+0	-187.000E-9
26.2000E+0	-49.4236E-9	200.000E+0	-85.4000E+0	-187.000E-9
26.0000E+0	-49.4237E-9	200.000E+0	-85.4000E+0	-187.000E-9
25.8000E+0	-49.4238E-9	250.000E+0	-85.4000E+0	-187.000E-9
25.6000E+0	-49.4236E-9	300.000E+0	-85.4000E+0	-187.000E-9
25.4000E+0	-49.4239E-9	450.000E+0	-85.4000E+0	-187.000E-9
25.2000E+0	-49.4238E-9	100.000E+0	-85.4000E+0	-187.000E-9
25.0000E+0	-49.4236E-9	100.000E+0	-85.4000E+0	-187.000E-9
24.8000E+0	-49.4237E-9	300.000E+0	-85.4000E+0	-187.000E-9
24.6000E+0	-49.4236E-9	50.0000E+0	-85.4000E+0	-187.000E-9
24.4000E+0	-49.4237E-9	150.000E+0	-85.4000E+0	-187.000E-9
24.2000E+0	-49.4237E-9	50.0000E+0	-85.4000E+0	-187.000E-9
24.0000E+0	-49.4237E-9	200.000E+0	-85.4000E+0	-187.000E-9
23.8000E+0	-49.4235E-9	150.000E+0	-85.4000E+0	-187.000E-9
23.6000E+0	-49.4237E-9	150.000E+0	-85.4000E+0	-187.000E-9
23.4000E+0	-49.4236E-9	150.000E+0	-85.4000E+0	-187.000E-9
23.2000E+0	-49.4235E-9	200.000E+0	-85.4000E+0	-187.000E-9
23.0000E+0	-49.4237E-9	250.000E+0	-85.4000E+0	-187.000E-9
22.8000E+0	-49.4237E-9	300.000E+0	-85.4000E+0	-187.000E-9
22.6000E+0	-49.4236E-9	250.000E+0	-85.4000E+0	-187.000E-9
22.4000E+0	-49.4235E-9	200.000E+0	-85.4000E+0	-187.000E-9
22.2000E+0	-49.4237E-9	500.000E+0	-85.4000E+0	-187.000E-9
22.0000E+0	-49.4237E-9	400.000E+0	-85.4000E+0	-187.000E-9
21.8000E+0	-49.4237E-9	200.000E+0	-85.4000E+0	-187.000E-9
21.6000E+0	-49.4238E-9	50.0000E+0	-85.4000E+0	-187.000E-9
21.4000E+0	-49.4237E-9	300.000E+0	-85.4000E+0	-187.000E-9
21.2000E+0	-49.4236E-9	250.000E+0	-85.4000E+0	-187.000E-9
21.0000E+0	-49.4236E-9	250.000E+0	-85.4000E+0	-187.000E-9
20.8000E+0	-49.4238E-9	350.000E+0	-85.4000E+0	-187.000E-9
20.6000E+0	-49.4238E-9	200.000E+0	-85.4000E+0	-187.000E-9
20.4000E+0	-49.4236E-9	300.000E+0	-85.4000E+0	-187.000E-9
20.2000E+0	-49.4238E-9	400.000E+0	-85.4000E+0	-187.000E-9
20.0000E+0	-49.4237E-9	500.000E+0	-85.4000E+0	-187.000E-9
19.8000E+0	-49.4237E-9	300.000E+0	-85.4000E+0	-187.000E-9
19.6000E+0	-49.4238E-9	150.000E+0	-85.4000E+0	-187.000E-9
19.4000E+0	-49.4235E-9	350.000E+0	-85.4000E+0	-187.000E-9
19.2000E+0	-49.4236E-9	200.000E+0	-85.4000E+0	-187.000E-9
19.0000E+0	-49.4236E-9	400.000E+0	-85.4000E+0	-187.000E-9
18.8000E+0	-49.4235E-9	200.000E+0	-85.4000E+0	-187.000E-9
18.6000E+0	-49.4234E-9	500.000E+0	-85.4000E+0	-187.000E-9
18.4000E+0	-49.4233E-9	150.000E+0	-85.4000E+0	-187.000E-9
18.2000E+0	-49.4236E-9	400.000E+0	-85.4000E+0	-187.000E-9
18.0000E+0	-49.4236E-9	550.000E+0	-85.4000E+0	-187.000E-9
17.8000E+0	-49.4238E-9	200.000E+0	-85.4000E+0	-187.000E-9
17.6000E+0	-49.4236E-9	250.000E+0	-85.4000E+0	-187.000E-9
17.4000E+0	-49.4236E-9	350.000E+0	-85.4000E+0	-187.000E-9
17.2000E+0	-49.4237E-9	250.000E+0	-85.4000E+0	-187.000E-9
17.0000E+0	-49.4237E-9	300.000E+0	-85.4000E+0	-187.000E-9
16.8000E+0	-49.4234E-9	350.000E+0	-85.4000E+0	-187.000E-9
16.6000E+0	-49.4236E-9	300.000E+0	-85.4000E+0	-187.000E-9
16.4000E+0	-49.4237E-9	300.000E+0	-85.4000E+0	-187.000E-9
16.2000E+0	-49.4235E-9	200.000E+0	-85.4000E+0	-187.000E-9
16.0000E+0	-49.4235E-9	800.000E+0	-85.4000E+0	-187.000E-9
15.8000E+0	-49.4235E-9	600.000E+0	-85.4000E+0	-187.000E-9
15.6000E+0	-49.4237E-9	200.000E+0	-85.4000E+0	-187.000E-9
15.4000E+0	-49.4235E-9	100.000E+0	-85.4000E+0	-187.000E-9
15.2000E+0	-49.4237E-9	650.000E+0	-85.4000E+0	-187.000E-9
15.0000E+0	-49.4238E-9	650.000E+0	-85.4000E+0	-187.000E-9
14.8000E+0	-49.4236E-9	250.000E+0	-85.4000E+0	-187.000E-9
14.6000E+0	-49.4237E-9	300.000E+0	-85.4000E+0	-187.000E-9
14.4000E+0	-49.4236E-9	650.000E+0	-85.4000E+0	-187.000E-9
14.2000E+0	-49.4236E-9	400.000E+0	-85.4000E+0	-187.000E-9
14.0000E+0	-49.4238E-9	200.000E+0	-85.4000E+0	-187.000E-9
13.8000E+0	-49.4238E-9	650.000E+0	-85.4000E+0	-187.000E-9
13.6000E+0	-49.4238E-9	800.000E+0	-85.4000E+0	-187.000E-9
13.4000E+0	-49.4237E-9	750.000E+0	-85.4000E+0	-187.000E-9
13.2000E+0	-49.4236E-9	550.000E+0	-85.4000E+0	-187.000E-9
13.0000E+0	-49.4235E-9	400.000E+0	-85.4000E+0	-187.000E-9
12.8000E+0	-49.4237E-9	300.000E+0	-85.4000E+0	-187.000E-9
12.6000E+0	-49.4238E-9	350.000E+0	-85.4000E+0	-187.000E-9
12.4000E+0	-49.4239E-9	700.000E+0	-85.4000E+0	-187.000E-9
12.2000E+0	-49.4238E-9	300.000E+0	-85.4000E+0	-187.000E-9
12.0000E+0	-49.4241E-9	400.000E+0	-85.4000E+0	-187.000E-9
11.8000E+0	-49.4240E-9	250.000E+0	-85.4000E+0	-187.000E-9
11.6000E+0	-49.4239E-9	250.000E+0	-85.4000E+0	-187.000E-9
11.4000E+0	-49.4239E-9	200.000E+0	-85.4000E+0	-187.000E-9
11.2000E+0	-49.4239E-9	450.000E+0	-85.4000E+0	-187.000E-9
11.0000E+0	-49.4237E-9	800.000E+0	-85.4000E+0	-187.000E-9
10.8000E+0	-49.4239E-9	300.000E+0	-85.4000E+0	-187.000E-9
10.6000E+0	-49.4240E-9	600.000E+0	-85.4000E+0	-187.000E-9
10.4000E+0	-49.4239E-9	650.000E+0	-85.4000E+0	-187.000E-9
10.2000E+0	-49.4236E-9	400.000E+0	-85.4000E+0	-187.000E-9
10.0000E+0	-49.4235E-9	550.000E+0	-85.4000E+0	-187.000E-9
9.80000E+0	-49.4236E-9	550.000E+0	-85.4000E+0	-187.000E-9
9.60000E+0	-49.4237E-9	400.000E+0	-85.4000E+0	-187.000E-9
9.40000E+0	-49.4236E-9	350.000E+0	-85.4000E+0	-187.000E-9
9.20000E+0	-49.4236E-9	250.000E+0	-85.4000E+0	-187.000E-9
9.00000E+0	-49.4238E-9	300.000E+0	-85.4000E+0	-187.000E-9
8.80000E+0	-49.4237E-9	150.000E+0	-85.4000E+0	-187.000E-9
8.60000E+0	-49.4238E-9	350.000E+0	-85.4000E+0	-187.000E-9
8.40000E+0	-49.4238E-9	250.000E+0	-85.4000E+0	-187.000E-9
8.20000E+0	-49.4237E-9	150.000E+0	-85.4000E+0	-187.000E-9
8.00000E+0	-49.4235E-9	250.000E+0	-85.4000E+0	-187.000E-9
