Experiment	CLAMPoints-dat	
Date	14.06.2016 18:06:47	
User	Danilo	
X (m)	8.394886E-8	
Y (m)	-3.323447E-8	
Tip Information	Tip  (  )	
Sample material		
CLAM Mode	0	
Pass Energy (eV)	50.000000	
Retarding Ratio	10.000000	
Focus Mode	1	
Focus (%)	0.600000	
Channeltron front (V)	200.000000	
Channeltron rear (V)	3600.000000	
Integration Time (ms)	100.000000
loops	1

[DATA]
Energy (eV)	Current (A)	CLAM ctr (cp int.time)	Bias (V)	Z (m)
28.0000E+0	-453.290E-9	0.00000E+0	-99.4000E+0	-100.000E-9
28.0000E+0	-449.075E-9	0.00000E+0	-99.4000E+0	-100.000E-9
28.2500E+0	-451.522E-9	0.00000E+0	-99.4000E+0	-100.000E-9
28.2500E+0	-450.717E-9	0.00000E+0	-99.4000E+0	-100.000E-9
28.5000E+0	-451.511E-9	0.00000E+0	-99.4000E+0	-100.000E-9
28.5000E+0	-450.484E-9	0.00000E+0	-99.4000E+0	-100.000E-9
28.7500E+0	-451.389E-9	0.00000E+0	-99.4000E+0	-100.000E-9
28.7500E+0	-449.975E-9	0.00000E+0	-99.4000E+0	-100.000E-9
29.0000E+0	-450.425E-9	0.00000E+0	-99.4000E+0	-100.000E-9
29.0000E+0	-449.698E-9	0.00000E+0	-99.4000E+0	-100.000E-9
29.2500E+0	-450.494E-9	0.00000E+0	-99.4000E+0	-100.000E-9
29.2500E+0	-449.462E-9	0.00000E+0	-99.4000E+0	-100.000E-9
29.5000E+0	-450.311E-9	0.00000E+0	-99.4000E+0	-100.000E-9
29.5000E+0	-449.656E-9	0.00000E+0	-99.4000E+0	-100.000E-9
29.7500E+0	-448.494E-9	0.00000E+0	-99.4000E+0	-100.000E-9
29.7500E+0	-449.490E-9	0.00000E+0	-99.4000E+0	-100.000E-9
30.0000E+0	-450.629E-9	1.00000E+0	-99.4000E+0	-100.000E-9
30.0000E+0	-448.639E-9	0.00000E+0	-99.4000E+0	-100.000E-9
30.2500E+0	-450.004E-9	0.00000E+0	-99.4000E+0	-100.000E-9
30.2500E+0	-449.415E-9	3.00000E+0	-99.4000E+0	-100.000E-9
30.5000E+0	-449.676E-9	2.00000E+0	-99.4000E+0	-100.000E-9
30.5000E+0	-449.763E-9	0.00000E+0	-99.4000E+0	-100.000E-9
30.7500E+0	-447.982E-9	4.00000E+0	-99.4000E+0	-100.000E-9
30.7500E+0	-450.202E-9	2.00000E+0	-99.4000E+0	-100.000E-9
31.0000E+0	-447.088E-9	1.00000E+0	-99.4000E+0	-100.000E-9
31.0000E+0	-450.574E-9	5.00000E+0	-99.4000E+0	-100.000E-9
31.2500E+0	-449.389E-9	3.00000E+0	-99.4000E+0	-100.000E-9
31.2500E+0	-449.382E-9	3.00000E+0	-99.4000E+0	-100.000E-9
31.5000E+0	-449.953E-9	6.00000E+0	-99.4000E+0	-100.000E-9
31.5000E+0	-448.275E-9	5.00000E+0	-99.4000E+0	-100.000E-9
31.7500E+0	-447.519E-9	7.00000E+0	-99.4000E+0	-100.000E-9
31.7500E+0	-448.094E-9	9.00000E+0	-99.4000E+0	-100.000E-9
32.0000E+0	-449.368E-9	10.0000E+0	-99.4000E+0	-100.000E-9
32.0000E+0	-443.646E-9	7.00000E+0	-99.4000E+0	-100.000E-9
32.2500E+0	-442.758E-9	7.00000E+0	-99.4000E+0	-100.000E-9
32.2500E+0	-452.916E-9	17.0000E+0	-99.4000E+0	-100.000E-9
32.5000E+0	-452.683E-9	14.0000E+0	-99.4000E+0	-100.000E-9
32.5000E+0	-451.174E-9	22.0000E+0	-99.4000E+0	-100.000E-9
32.7500E+0	-451.809E-9	23.0000E+0	-99.4000E+0	-100.000E-9
32.7500E+0	-450.532E-9	22.0000E+0	-99.4000E+0	-100.000E-9
33.0000E+0	-449.181E-9	23.0000E+0	-99.4000E+0	-100.000E-9
33.0000E+0	-450.676E-9	21.0000E+0	-99.4000E+0	-100.000E-9
33.2500E+0	-451.447E-9	23.0000E+0	-99.4000E+0	-100.000E-9
33.2500E+0	-452.209E-9	34.0000E+0	-99.4000E+0	-100.000E-9
33.5000E+0	-449.659E-9	29.0000E+0	-99.4000E+0	-100.000E-9
33.5000E+0	-449.724E-9	20.0000E+0	-99.4000E+0	-100.000E-9
33.7500E+0	-451.175E-9	23.0000E+0	-99.4000E+0	-100.000E-9
33.7500E+0	-451.690E-9	28.0000E+0	-99.4000E+0	-100.000E-9
34.0000E+0	-450.811E-9	26.0000E+0	-99.4000E+0	-100.000E-9
34.0000E+0	-452.065E-9	16.0000E+0	-99.4000E+0	-100.000E-9
34.2500E+0	-451.741E-9	30.0000E+0	-99.4000E+0	-100.000E-9
34.2500E+0	-449.534E-9	32.0000E+0	-99.4000E+0	-100.000E-9
34.5000E+0	-450.831E-9	31.0000E+0	-99.4000E+0	-100.000E-9
34.5000E+0	-451.799E-9	44.0000E+0	-99.4000E+0	-100.000E-9
34.7500E+0	-452.487E-9	47.0000E+0	-99.4000E+0	-100.000E-9
34.7500E+0	-451.539E-9	39.0000E+0	-99.4000E+0	-100.000E-9
35.0000E+0	-448.720E-9	36.0000E+0	-99.4000E+0	-100.000E-9
35.0000E+0	-448.899E-9	42.0000E+0	-99.4000E+0	-100.000E-9
35.2500E+0	-451.891E-9	46.0000E+0	-99.4000E+0	-100.000E-9
35.2500E+0	-450.910E-9	47.0000E+0	-99.4000E+0	-100.000E-9
35.5000E+0	-450.757E-9	38.0000E+0	-99.4000E+0	-100.000E-9
35.5000E+0	-449.763E-9	48.0000E+0	-99.4000E+0	-100.000E-9
35.7500E+0	-451.032E-9	33.0000E+0	-99.4000E+0	-100.000E-9
35.7500E+0	-449.986E-9	61.0000E+0	-99.4000E+0	-100.000E-9
36.0000E+0	-449.919E-9	44.0000E+0	-99.4000E+0	-100.000E-9
36.0000E+0	-449.756E-9	44.0000E+0	-99.4000E+0	-100.000E-9
36.2500E+0	-448.410E-9	53.0000E+0	-99.4000E+0	-100.000E-9
36.2500E+0	-448.445E-9	59.0000E+0	-99.4000E+0	-100.000E-9
36.5000E+0	-449.984E-9	47.0000E+0	-99.4000E+0	-100.000E-9
36.5000E+0	-448.014E-9	49.0000E+0	-99.4000E+0	-100.000E-9
36.7500E+0	-450.005E-9	58.0000E+0	-99.4000E+0	-100.000E-9
36.7500E+0	-450.215E-9	47.0000E+0	-99.4000E+0	-100.000E-9
37.0000E+0	-447.460E-9	55.0000E+0	-99.4000E+0	-100.000E-9
37.0000E+0	-449.314E-9	46.0000E+0	-99.4000E+0	-100.000E-9
37.2500E+0	-447.611E-9	50.0000E+0	-99.4000E+0	-100.000E-9
37.2500E+0	-449.419E-9	58.0000E+0	-99.4000E+0	-100.000E-9
37.5000E+0	-448.940E-9	43.0000E+0	-99.4000E+0	-100.000E-9
37.5000E+0	-450.236E-9	47.0000E+0	-99.4000E+0	-100.000E-9
37.7500E+0	-446.638E-9	41.0000E+0	-99.4000E+0	-100.000E-9
37.7500E+0	-448.569E-9	54.0000E+0	-99.4000E+0	-100.000E-9
38.0000E+0	-448.630E-9	44.0000E+0	-99.4000E+0	-100.000E-9
38.0000E+0	-448.218E-9	57.0000E+0	-99.4000E+0	-100.000E-9
38.2500E+0	-447.048E-9	51.0000E+0	-99.4000E+0	-100.000E-9
38.2500E+0	-448.777E-9	56.0000E+0	-99.4000E+0	-100.000E-9
38.5000E+0	-449.376E-9	52.0000E+0	-99.4000E+0	-100.000E-9
38.5000E+0	-444.822E-9	49.0000E+0	-99.4000E+0	-100.000E-9
38.7500E+0	-448.224E-9	38.0000E+0	-99.4000E+0	-100.000E-9
38.7500E+0	-446.201E-9	51.0000E+0	-99.4000E+0	-100.000E-9
39.0000E+0	-447.500E-9	55.0000E+0	-99.4000E+0	-100.000E-9
39.0000E+0	-447.522E-9	38.0000E+0	-99.4000E+0	-100.000E-9
39.2500E+0	-447.652E-9	45.0000E+0	-99.4000E+0	-100.000E-9
39.2500E+0	-448.076E-9	55.0000E+0	-99.4000E+0	-100.000E-9
39.5000E+0	-447.271E-9	53.0000E+0	-99.4000E+0	-100.000E-9
39.5000E+0	-448.326E-9	47.0000E+0	-99.4000E+0	-100.000E-9
39.7500E+0	-447.115E-9	50.0000E+0	-99.4000E+0	-100.000E-9
39.7500E+0	-448.675E-9	50.0000E+0	-99.4000E+0	-100.000E-9
40.0000E+0	-447.947E-9	56.0000E+0	-99.4000E+0	-100.000E-9
40.0000E+0	-445.959E-9	43.0000E+0	-99.4000E+0	-100.000E-9
40.2500E+0	-446.650E-9	65.0000E+0	-99.4000E+0	-100.000E-9
40.2500E+0	-447.889E-9	58.0000E+0	-99.4000E+0	-100.000E-9
40.5000E+0	-446.561E-9	55.0000E+0	-99.4000E+0	-100.000E-9
40.5000E+0	-445.204E-9	64.0000E+0	-99.4000E+0	-100.000E-9
40.7500E+0	-444.141E-9	51.0000E+0	-99.4000E+0	-100.000E-9
40.7500E+0	-446.703E-9	57.0000E+0	-99.4000E+0	-100.000E-9
41.0000E+0	-443.232E-9	59.0000E+0	-99.4000E+0	-100.000E-9
41.0000E+0	-442.874E-9	56.0000E+0	-99.4000E+0	-100.000E-9
41.2500E+0	-444.083E-9	50.0000E+0	-99.4000E+0	-100.000E-9
41.2500E+0	-443.031E-9	69.0000E+0	-99.4000E+0	-100.000E-9
41.5000E+0	-445.050E-9	41.0000E+0	-99.4000E+0	-100.000E-9
41.5000E+0	-443.533E-9	51.0000E+0	-99.4000E+0	-100.000E-9
41.7500E+0	-444.318E-9	65.0000E+0	-99.4000E+0	-100.000E-9
41.7500E+0	-443.930E-9	49.0000E+0	-99.4000E+0	-100.000E-9
42.0000E+0	-443.568E-9	67.0000E+0	-99.4000E+0	-100.000E-9
42.0000E+0	-446.046E-9	62.0000E+0	-99.4000E+0	-100.000E-9
42.2500E+0	-444.606E-9	56.0000E+0	-99.4000E+0	-100.000E-9
42.2500E+0	-443.313E-9	50.0000E+0	-99.4000E+0	-100.000E-9
42.5000E+0	-443.339E-9	51.0000E+0	-99.4000E+0	-100.000E-9
42.5000E+0	-443.413E-9	56.0000E+0	-99.4000E+0	-100.000E-9
42.7500E+0	-446.394E-9	54.0000E+0	-99.4000E+0	-100.000E-9
42.7500E+0	-445.015E-9	53.0000E+0	-99.4000E+0	-100.000E-9
43.0000E+0	-443.838E-9	45.0000E+0	-99.4000E+0	-100.000E-9
43.0000E+0	-442.673E-9	55.0000E+0	-99.4000E+0	-100.000E-9
43.2500E+0	-442.772E-9	66.0000E+0	-99.4000E+0	-100.000E-9
43.2500E+0	-441.987E-9	58.0000E+0	-99.4000E+0	-100.000E-9
43.5000E+0	-443.803E-9	61.0000E+0	-99.4000E+0	-100.000E-9
43.5000E+0	-442.582E-9	45.0000E+0	-99.4000E+0	-100.000E-9
43.7500E+0	-445.539E-9	62.0000E+0	-99.4000E+0	-100.000E-9
43.7500E+0	-442.399E-9	55.0000E+0	-99.4000E+0	-100.000E-9
44.0000E+0	-443.817E-9	62.0000E+0	-99.4000E+0	-100.000E-9
44.0000E+0	-445.071E-9	65.0000E+0	-99.4000E+0	-100.000E-9
44.2500E+0	-445.264E-9	57.0000E+0	-99.4000E+0	-100.000E-9
44.2500E+0	-444.659E-9	67.0000E+0	-99.4000E+0	-100.000E-9
44.5000E+0	-442.117E-9	62.0000E+0	-99.4000E+0	-100.000E-9
44.5000E+0	-444.096E-9	60.0000E+0	-99.4000E+0	-100.000E-9
44.7500E+0	-441.596E-9	61.0000E+0	-99.4000E+0	-100.000E-9
44.7500E+0	-442.331E-9	47.0000E+0	-99.4000E+0	-100.000E-9
45.0000E+0	-444.646E-9	64.0000E+0	-99.4000E+0	-100.000E-9
45.0000E+0	-443.819E-9	35.0000E+0	-99.4000E+0	-100.000E-9
45.2500E+0	-443.604E-9	44.0000E+0	-99.4000E+0	-100.000E-9
45.2500E+0	-443.454E-9	70.0000E+0	-99.4000E+0	-100.000E-9
45.5000E+0	-445.217E-9	55.0000E+0	-99.4000E+0	-100.000E-9
45.5000E+0	-442.145E-9	67.0000E+0	-99.4000E+0	-100.000E-9
45.7500E+0	-441.437E-9	43.0000E+0	-99.4000E+0	-100.000E-9
45.7500E+0	-443.187E-9	76.0000E+0	-99.4000E+0	-100.000E-9
46.0000E+0	-441.532E-9	65.0000E+0	-99.4000E+0	-100.000E-9
46.0000E+0	-442.855E-9	58.0000E+0	-99.4000E+0	-100.000E-9
46.2500E+0	-443.178E-9	60.0000E+0	-99.4000E+0	-100.000E-9
46.2500E+0	-444.822E-9	51.0000E+0	-99.4000E+0	-100.000E-9
46.5000E+0	-441.112E-9	53.0000E+0	-99.4000E+0	-100.000E-9
46.5000E+0	-444.568E-9	58.0000E+0	-99.4000E+0	-100.000E-9
46.7500E+0	-443.171E-9	58.0000E+0	-99.4000E+0	-100.000E-9
46.7500E+0	-443.602E-9	50.0000E+0	-99.4000E+0	-100.000E-9
47.0000E+0	-441.720E-9	65.0000E+0	-99.4000E+0	-100.000E-9
47.0000E+0	-441.073E-9	50.0000E+0	-99.4000E+0	-100.000E-9
47.2500E+0	-441.894E-9	47.0000E+0	-99.4000E+0	-100.000E-9
47.2500E+0	-442.716E-9	59.0000E+0	-99.4000E+0	-100.000E-9
47.5000E+0	-443.010E-9	60.0000E+0	-99.4000E+0	-100.000E-9
47.5000E+0	-442.899E-9	52.0000E+0	-99.4000E+0	-100.000E-9
47.7500E+0	-442.886E-9	66.0000E+0	-99.4000E+0	-100.000E-9
47.7500E+0	-441.356E-9	64.0000E+0	-99.4000E+0	-100.000E-9
48.0000E+0	-439.642E-9	53.0000E+0	-99.4000E+0	-100.000E-9
48.0000E+0	-440.436E-9	60.0000E+0	-99.4000E+0	-100.000E-9
48.2500E+0	-440.450E-9	51.0000E+0	-99.4000E+0	-100.000E-9
48.2500E+0	-440.025E-9	59.0000E+0	-99.4000E+0	-100.000E-9
48.5000E+0	-442.537E-9	57.0000E+0	-99.4000E+0	-100.000E-9
48.5000E+0	-439.956E-9	55.0000E+0	-99.4000E+0	-100.000E-9
48.7500E+0	-443.620E-9	54.0000E+0	-99.4000E+0	-100.000E-9
48.7500E+0	-439.349E-9	57.0000E+0	-99.4000E+0	-100.000E-9
49.0000E+0	-441.241E-9	56.0000E+0	-99.4000E+0	-100.000E-9
49.0000E+0	-439.932E-9	71.0000E+0	-99.4000E+0	-100.000E-9
49.2500E+0	-439.247E-9	49.0000E+0	-99.4000E+0	-100.000E-9
49.2500E+0	-440.577E-9	57.0000E+0	-99.4000E+0	-100.000E-9
49.5000E+0	-440.141E-9	52.0000E+0	-99.4000E+0	-100.000E-9
49.5000E+0	-438.096E-9	49.0000E+0	-99.4000E+0	-100.000E-9
49.7500E+0	-440.561E-9	64.0000E+0	-99.4000E+0	-100.000E-9
49.7500E+0	-441.817E-9	55.0000E+0	-99.4000E+0	-100.000E-9
50.0000E+0	-437.821E-9	54.0000E+0	-99.4000E+0	-100.000E-9
50.0000E+0	-439.505E-9	73.0000E+0	-99.4000E+0	-100.000E-9
50.2500E+0	-437.996E-9	60.0000E+0	-99.4000E+0	-100.000E-9
50.2500E+0	-438.087E-9	61.0000E+0	-99.4000E+0	-100.000E-9
50.5000E+0	-439.097E-9	62.0000E+0	-99.4000E+0	-100.000E-9
50.5000E+0	-437.618E-9	56.0000E+0	-99.4000E+0	-100.000E-9
50.7500E+0	-439.043E-9	69.0000E+0	-99.4000E+0	-100.000E-9
50.7500E+0	-439.404E-9	44.0000E+0	-99.4000E+0	-100.000E-9
51.0000E+0	-437.738E-9	49.0000E+0	-99.4000E+0	-100.000E-9
51.0000E+0	-437.323E-9	57.0000E+0	-99.4000E+0	-100.000E-9
51.2500E+0	-437.884E-9	65.0000E+0	-99.4000E+0	-100.000E-9
51.2500E+0	-437.575E-9	58.0000E+0	-99.4000E+0	-100.000E-9
51.5000E+0	-439.257E-9	59.0000E+0	-99.4000E+0	-100.000E-9
51.5000E+0	-441.241E-9	80.0000E+0	-99.4000E+0	-100.000E-9
51.7500E+0	-439.398E-9	58.0000E+0	-99.4000E+0	-100.000E-9
51.7500E+0	-440.458E-9	66.0000E+0	-99.4000E+0	-100.000E-9
52.0000E+0	-440.810E-9	67.0000E+0	-99.4000E+0	-100.000E-9
52.0000E+0	-437.289E-9	58.0000E+0	-99.4000E+0	-100.000E-9
52.2500E+0	-437.978E-9	53.0000E+0	-99.4000E+0	-100.000E-9
52.2500E+0	-436.593E-9	63.0000E+0	-99.4000E+0	-100.000E-9
52.5000E+0	-438.250E-9	44.0000E+0	-99.4000E+0	-100.000E-9
52.5000E+0	-436.589E-9	52.0000E+0	-99.4000E+0	-100.000E-9
52.7500E+0	-436.244E-9	39.0000E+0	-99.4000E+0	-100.000E-9
52.7500E+0	-437.785E-9	50.0000E+0	-99.4000E+0	-100.000E-9
53.0000E+0	-438.177E-9	58.0000E+0	-99.4000E+0	-100.000E-9
53.0000E+0	-439.390E-9	62.0000E+0	-99.4000E+0	-100.000E-9
53.2500E+0	-437.863E-9	65.0000E+0	-99.4000E+0	-100.000E-9
53.2500E+0	-435.991E-9	52.0000E+0	-99.4000E+0	-100.000E-9
53.5000E+0	-437.874E-9	59.0000E+0	-99.4000E+0	-100.000E-9
53.5000E+0	-436.050E-9	57.0000E+0	-99.4000E+0	-100.000E-9
53.7500E+0	-437.715E-9	58.0000E+0	-99.4000E+0	-100.000E-9
53.7500E+0	-436.448E-9	58.0000E+0	-99.4000E+0	-100.000E-9
54.0000E+0	-435.949E-9	63.0000E+0	-99.4000E+0	-100.000E-9
54.0000E+0	-436.624E-9	48.0000E+0	-99.4000E+0	-100.000E-9
54.2500E+0	-436.669E-9	54.0000E+0	-99.4000E+0	-100.000E-9
54.2500E+0	-437.793E-9	77.0000E+0	-99.4000E+0	-100.000E-9
54.5000E+0	-440.710E-9	61.0000E+0	-99.4000E+0	-100.000E-9
54.5000E+0	-443.271E-9	70.0000E+0	-99.4000E+0	-100.000E-9
54.7500E+0	-438.638E-9	66.0000E+0	-99.4000E+0	-100.000E-9
54.7500E+0	-439.531E-9	70.0000E+0	-99.4000E+0	-100.000E-9
55.0000E+0	-438.144E-9	50.0000E+0	-99.4000E+0	-100.000E-9
55.0000E+0	-439.751E-9	72.0000E+0	-99.4000E+0	-100.000E-9
55.2500E+0	-440.089E-9	56.0000E+0	-99.4000E+0	-100.000E-9
55.2500E+0	-437.566E-9	60.0000E+0	-99.4000E+0	-100.000E-9
55.5000E+0	-436.043E-9	59.0000E+0	-99.4000E+0	-100.000E-9
55.5000E+0	-439.416E-9	65.0000E+0	-99.4000E+0	-100.000E-9
55.7500E+0	-442.939E-9	67.0000E+0	-99.4000E+0	-100.000E-9
55.7500E+0	-443.320E-9	53.0000E+0	-99.4000E+0	-100.000E-9
56.0000E+0	-442.603E-9	59.0000E+0	-99.4000E+0	-100.000E-9
56.0000E+0	-443.849E-9	69.0000E+0	-99.4000E+0	-100.000E-9
56.2500E+0	-443.630E-9	67.0000E+0	-99.4000E+0	-100.000E-9
56.2500E+0	-443.519E-9	56.0000E+0	-99.4000E+0	-100.000E-9
56.5000E+0	-441.134E-9	55.0000E+0	-99.4000E+0	-100.000E-9
56.5000E+0	-442.350E-9	72.0000E+0	-99.4000E+0	-100.000E-9
56.7500E+0	-439.796E-9	67.0000E+0	-99.4000E+0	-100.000E-9
56.7500E+0	-441.693E-9	74.0000E+0	-99.4000E+0	-100.000E-9
57.0000E+0	-442.366E-9	57.0000E+0	-99.4000E+0	-100.000E-9
57.0000E+0	-440.294E-9	63.0000E+0	-99.4000E+0	-100.000E-9
57.2500E+0	-442.406E-9	53.0000E+0	-99.4000E+0	-100.000E-9
57.2500E+0	-440.770E-9	58.0000E+0	-99.4000E+0	-100.000E-9
57.5000E+0	-441.921E-9	58.0000E+0	-99.4000E+0	-100.000E-9
57.5000E+0	-442.290E-9	76.0000E+0	-99.4000E+0	-100.000E-9
57.7500E+0	-441.566E-9	57.0000E+0	-99.4000E+0	-100.000E-9
57.7500E+0	-441.517E-9	58.0000E+0	-99.4000E+0	-100.000E-9
58.0000E+0	-443.292E-9	45.0000E+0	-99.4000E+0	-100.000E-9
58.0000E+0	-438.900E-9	65.0000E+0	-99.4000E+0	-100.000E-9
58.2500E+0	-443.279E-9	73.0000E+0	-99.4000E+0	-100.000E-9
58.2500E+0	-441.571E-9	52.0000E+0	-99.4000E+0	-100.000E-9
58.5000E+0	-442.213E-9	55.0000E+0	-99.4000E+0	-100.000E-9
58.5000E+0	-439.590E-9	51.0000E+0	-99.4000E+0	-100.000E-9
58.7500E+0	-439.701E-9	67.0000E+0	-99.4000E+0	-100.000E-9
58.7500E+0	-439.144E-9	78.0000E+0	-99.4000E+0	-100.000E-9
59.0000E+0	-439.638E-9	70.0000E+0	-99.4000E+0	-100.000E-9
59.0000E+0	-439.844E-9	65.0000E+0	-99.4000E+0	-100.000E-9
59.2500E+0	-444.511E-9	56.0000E+0	-99.4000E+0	-100.000E-9
59.2500E+0	-439.709E-9	67.0000E+0	-99.4000E+0	-100.000E-9
59.5000E+0	-442.795E-9	64.0000E+0	-99.4000E+0	-100.000E-9
59.5000E+0	-440.986E-9	75.0000E+0	-99.4000E+0	-100.000E-9
59.7500E+0	-442.530E-9	64.0000E+0	-99.4000E+0	-100.000E-9
59.7500E+0	-438.733E-9	65.0000E+0	-99.4000E+0	-100.000E-9
60.0000E+0	-439.868E-9	58.0000E+0	-99.4000E+0	-100.000E-9
60.0000E+0	-447.200E-9	50.0000E+0	-99.4000E+0	-100.000E-9
60.2500E+0	-435.513E-9	48.0000E+0	-99.4000E+0	-100.000E-9
60.2500E+0	-434.484E-9	64.0000E+0	-99.4000E+0	-100.000E-9
60.5000E+0	-435.983E-9	60.0000E+0	-99.4000E+0	-100.000E-9
60.5000E+0	-434.701E-9	55.0000E+0	-99.4000E+0	-100.000E-9
60.7500E+0	-434.592E-9	56.0000E+0	-99.4000E+0	-100.000E-9
60.7500E+0	-433.813E-9	73.0000E+0	-99.4000E+0	-100.000E-9
61.0000E+0	-435.854E-9	71.0000E+0	-99.4000E+0	-100.000E-9
61.0000E+0	-436.624E-9	53.0000E+0	-99.4000E+0	-100.000E-9
61.2500E+0	-435.277E-9	82.0000E+0	-99.4000E+0	-100.000E-9
61.2500E+0	-435.990E-9	74.0000E+0	-99.4000E+0	-100.000E-9
61.5000E+0	-436.003E-9	55.0000E+0	-99.4000E+0	-100.000E-9
61.5000E+0	-436.131E-9	75.0000E+0	-99.4000E+0	-100.000E-9
61.7500E+0	-432.993E-9	72.0000E+0	-99.4000E+0	-100.000E-9
61.7500E+0	-435.746E-9	74.0000E+0	-99.4000E+0	-100.000E-9
62.0000E+0	-432.794E-9	53.0000E+0	-99.4000E+0	-100.000E-9
62.0000E+0	-435.162E-9	71.0000E+0	-99.4000E+0	-100.000E-9
62.2500E+0	-433.363E-9	62.0000E+0	-99.4000E+0	-100.000E-9
62.2500E+0	-432.684E-9	60.0000E+0	-99.4000E+0	-100.000E-9
62.5000E+0	-435.090E-9	64.0000E+0	-99.4000E+0	-100.000E-9
62.5000E+0	-434.276E-9	71.0000E+0	-99.4000E+0	-100.000E-9
62.7500E+0	-435.084E-9	61.0000E+0	-99.4000E+0	-100.000E-9
62.7500E+0	-432.645E-9	54.0000E+0	-99.4000E+0	-100.000E-9
63.0000E+0	-433.391E-9	61.0000E+0	-99.4000E+0	-100.000E-9
63.0000E+0	-435.169E-9	64.0000E+0	-99.4000E+0	-100.000E-9
63.2500E+0	-434.044E-9	54.0000E+0	-99.4000E+0	-100.000E-9
63.2500E+0	-434.574E-9	66.0000E+0	-99.4000E+0	-100.000E-9
63.5000E+0	-434.451E-9	56.0000E+0	-99.4000E+0	-100.000E-9
63.5000E+0	-434.902E-9	63.0000E+0	-99.4000E+0	-100.000E-9
63.7500E+0	-433.340E-9	63.0000E+0	-99.4000E+0	-100.000E-9
63.7500E+0	-430.648E-9	53.0000E+0	-99.4000E+0	-100.000E-9
64.0000E+0	-429.476E-9	76.0000E+0	-99.4000E+0	-100.000E-9
64.0000E+0	-430.997E-9	56.0000E+0	-99.4000E+0	-100.000E-9
64.2500E+0	-428.942E-9	59.0000E+0	-99.4000E+0	-100.000E-9
64.2500E+0	-429.235E-9	82.0000E+0	-99.4000E+0	-100.000E-9
64.5000E+0	-431.671E-9	55.0000E+0	-99.4000E+0	-100.000E-9
64.5000E+0	-432.210E-9	61.0000E+0	-99.4000E+0	-100.000E-9
64.7500E+0	-429.285E-9	58.0000E+0	-99.4000E+0	-100.000E-9
64.7500E+0	-429.015E-9	60.0000E+0	-99.4000E+0	-100.000E-9
65.0000E+0	-429.608E-9	46.0000E+0	-99.4000E+0	-100.000E-9
65.0000E+0	-429.450E-9	71.0000E+0	-99.4000E+0	-100.000E-9
65.2500E+0	-428.713E-9	70.0000E+0	-99.4000E+0	-100.000E-9
65.2500E+0	-430.446E-9	64.0000E+0	-99.4000E+0	-100.000E-9
65.5000E+0	-429.698E-9	48.0000E+0	-99.4000E+0	-100.000E-9
65.5000E+0	-429.438E-9	62.0000E+0	-99.4000E+0	-100.000E-9
65.7500E+0	-427.720E-9	66.0000E+0	-99.4000E+0	-100.000E-9
65.7500E+0	-427.263E-9	72.0000E+0	-99.4000E+0	-100.000E-9
66.0000E+0	-427.093E-9	56.0000E+0	-99.4000E+0	-100.000E-9
66.0000E+0	-429.216E-9	50.0000E+0	-99.4000E+0	-100.000E-9
66.2500E+0	-427.136E-9	55.0000E+0	-99.4000E+0	-100.000E-9
66.2500E+0	-427.126E-9	62.0000E+0	-99.4000E+0	-100.000E-9
66.5000E+0	-427.880E-9	51.0000E+0	-99.4000E+0	-100.000E-9
66.5000E+0	-430.295E-9	58.0000E+0	-99.4000E+0	-100.000E-9
66.7500E+0	-427.802E-9	76.0000E+0	-99.4000E+0	-100.000E-9
66.7500E+0	-429.505E-9	56.0000E+0	-99.4000E+0	-100.000E-9
67.0000E+0	-427.167E-9	62.0000E+0	-99.4000E+0	-100.000E-9
67.0000E+0	-426.647E-9	56.0000E+0	-99.4000E+0	-100.000E-9
67.2500E+0	-430.300E-9	64.0000E+0	-99.4000E+0	-100.000E-9
67.2500E+0	-429.637E-9	77.0000E+0	-99.4000E+0	-100.000E-9
67.5000E+0	-427.283E-9	51.0000E+0	-99.4000E+0	-100.000E-9
67.5000E+0	-426.399E-9	55.0000E+0	-99.4000E+0	-100.000E-9
67.7500E+0	-426.531E-9	66.0000E+0	-99.4000E+0	-100.000E-9
67.7500E+0	-429.409E-9	62.0000E+0	-99.4000E+0	-100.000E-9
68.0000E+0	-427.420E-9	50.0000E+0	-99.4000E+0	-100.000E-9
68.0000E+0	-427.848E-9	59.0000E+0	-99.4000E+0	-100.000E-9
68.2500E+0	-428.987E-9	63.0000E+0	-99.4000E+0	-100.000E-9
68.2500E+0	-425.840E-9	46.0000E+0	-99.4000E+0	-100.000E-9
68.5000E+0	-425.759E-9	49.0000E+0	-99.4000E+0	-100.000E-9
68.5000E+0	-426.381E-9	55.0000E+0	-99.4000E+0	-100.000E-9
68.7500E+0	-428.668E-9	64.0000E+0	-99.4000E+0	-100.000E-9
68.7500E+0	-426.777E-9	69.0000E+0	-99.4000E+0	-100.000E-9
69.0000E+0	-428.909E-9	70.0000E+0	-99.4000E+0	-100.000E-9
69.0000E+0	-425.781E-9	56.0000E+0	-99.4000E+0	-100.000E-9
69.2500E+0	-428.248E-9	47.0000E+0	-99.4000E+0	-100.000E-9
69.2500E+0	-426.231E-9	61.0000E+0	-99.4000E+0	-100.000E-9
69.5000E+0	-427.753E-9	64.0000E+0	-99.4000E+0	-100.000E-9
69.5000E+0	-423.520E-9	69.0000E+0	-99.4000E+0	-100.000E-9
69.7500E+0	-423.579E-9	49.0000E+0	-99.4000E+0	-100.000E-9
69.7500E+0	-423.913E-9	67.0000E+0	-99.4000E+0	-100.000E-9
70.0000E+0	-425.190E-9	63.0000E+0	-99.4000E+0	-100.000E-9
70.0000E+0	-423.233E-9	53.0000E+0	-99.4000E+0	-100.000E-9
70.2500E+0	-426.307E-9	58.0000E+0	-99.4000E+0	-100.000E-9
70.2500E+0	-423.218E-9	60.0000E+0	-99.4000E+0	-100.000E-9
70.5000E+0	-422.677E-9	61.0000E+0	-99.4000E+0	-100.000E-9
70.5000E+0	-425.521E-9	67.0000E+0	-99.4000E+0	-100.000E-9
70.7500E+0	-422.475E-9	46.0000E+0	-99.4000E+0	-100.000E-9
70.7500E+0	-421.897E-9	50.0000E+0	-99.4000E+0	-100.000E-9
71.0000E+0	-419.360E-9	68.0000E+0	-99.4000E+0	-100.000E-9
71.0000E+0	-420.779E-9	60.0000E+0	-99.4000E+0	-100.000E-9
71.2500E+0	-422.021E-9	69.0000E+0	-99.4000E+0	-100.000E-9
71.2500E+0	-419.165E-9	52.0000E+0	-99.4000E+0	-100.000E-9
71.5000E+0	-421.013E-9	56.0000E+0	-99.4000E+0	-100.000E-9
71.5000E+0	-420.107E-9	51.0000E+0	-99.4000E+0	-100.000E-9
71.7500E+0	-418.647E-9	51.0000E+0	-99.4000E+0	-100.000E-9
71.7500E+0	-418.877E-9	59.0000E+0	-99.4000E+0	-100.000E-9
72.0000E+0	-419.437E-9	39.0000E+0	-99.4000E+0	-100.000E-9
72.0000E+0	-419.276E-9	47.0000E+0	-99.4000E+0	-100.000E-9
72.2500E+0	-419.250E-9	61.0000E+0	-99.4000E+0	-100.000E-9
72.2500E+0	-420.673E-9	52.0000E+0	-99.4000E+0	-100.000E-9
72.5000E+0	-419.824E-9	63.0000E+0	-99.4000E+0	-100.000E-9
72.5000E+0	-418.694E-9	61.0000E+0	-99.4000E+0	-100.000E-9
72.7500E+0	-418.633E-9	61.0000E+0	-99.4000E+0	-100.000E-9
72.7500E+0	-423.733E-9	71.0000E+0	-99.4000E+0	-100.000E-9
73.0000E+0	-420.308E-9	53.0000E+0	-99.4000E+0	-100.000E-9
73.0000E+0	-421.220E-9	52.0000E+0	-99.4000E+0	-100.000E-9
73.2500E+0	-421.154E-9	59.0000E+0	-99.4000E+0	-100.000E-9
73.2500E+0	-421.383E-9	54.0000E+0	-99.4000E+0	-100.000E-9
73.5000E+0	-420.680E-9	45.0000E+0	-99.4000E+0	-100.000E-9
73.5000E+0	-420.044E-9	51.0000E+0	-99.4000E+0	-100.000E-9
73.7500E+0	-420.041E-9	61.0000E+0	-99.4000E+0	-100.000E-9
73.7500E+0	-421.071E-9	50.0000E+0	-99.4000E+0	-100.000E-9
74.0000E+0	-419.438E-9	60.0000E+0	-99.4000E+0	-100.000E-9
74.0000E+0	-419.639E-9	51.0000E+0	-99.4000E+0	-100.000E-9
74.2500E+0	-418.921E-9	53.0000E+0	-99.4000E+0	-100.000E-9
74.2500E+0	-422.199E-9	43.0000E+0	-99.4000E+0	-100.000E-9
74.5000E+0	-418.442E-9	50.0000E+0	-99.4000E+0	-100.000E-9
74.5000E+0	-418.335E-9	57.0000E+0	-99.4000E+0	-100.000E-9
74.7500E+0	-418.037E-9	44.0000E+0	-99.4000E+0	-100.000E-9
74.7500E+0	-421.749E-9	53.0000E+0	-99.4000E+0	-100.000E-9
75.0000E+0	-418.690E-9	42.0000E+0	-99.4000E+0	-100.000E-9
75.0000E+0	-418.590E-9	40.0000E+0	-99.4000E+0	-100.000E-9
75.2500E+0	-421.152E-9	42.0000E+0	-99.4000E+0	-100.000E-9
75.2500E+0	-422.481E-9	47.0000E+0	-99.4000E+0	-100.000E-9
75.5000E+0	-420.794E-9	43.0000E+0	-99.4000E+0	-100.000E-9
75.5000E+0	-420.432E-9	45.0000E+0	-99.4000E+0	-100.000E-9
75.7500E+0	-420.602E-9	44.0000E+0	-99.4000E+0	-100.000E-9
75.7500E+0	-420.426E-9	48.0000E+0	-99.4000E+0	-100.000E-9
76.0000E+0	-420.535E-9	50.0000E+0	-99.4000E+0	-100.000E-9
76.0000E+0	-420.424E-9	43.0000E+0	-99.4000E+0	-100.000E-9
76.2500E+0	-420.997E-9	53.0000E+0	-99.4000E+0	-100.000E-9
76.2500E+0	-419.960E-9	42.0000E+0	-99.4000E+0	-100.000E-9
76.5000E+0	-420.994E-9	50.0000E+0	-99.4000E+0	-100.000E-9
76.5000E+0	-423.640E-9	42.0000E+0	-99.4000E+0	-100.000E-9
76.7500E+0	-419.979E-9	39.0000E+0	-99.4000E+0	-100.000E-9
76.7500E+0	-419.892E-9	54.0000E+0	-99.4000E+0	-100.000E-9
77.0000E+0	-423.086E-9	52.0000E+0	-99.4000E+0	-100.000E-9
77.0000E+0	-420.389E-9	41.0000E+0	-99.4000E+0	-100.000E-9
77.2500E+0	-420.768E-9	45.0000E+0	-99.4000E+0	-100.000E-9
77.2500E+0	-420.084E-9	48.0000E+0	-99.4000E+0	-100.000E-9
77.5000E+0	-419.264E-9	55.0000E+0	-99.4000E+0	-100.000E-9
77.5000E+0	-421.336E-9	46.0000E+0	-99.4000E+0	-100.000E-9
77.7500E+0	-419.182E-9	47.0000E+0	-99.4000E+0	-100.000E-9
77.7500E+0	-418.814E-9	45.0000E+0	-99.4000E+0	-100.000E-9
78.0000E+0	-418.880E-9	39.0000E+0	-99.4000E+0	-100.000E-9
78.0000E+0	-419.906E-9	36.0000E+0	-99.4000E+0	-100.000E-9
78.2500E+0	-418.681E-9	50.0000E+0	-99.4000E+0	-100.000E-9
78.2500E+0	-418.734E-9	43.0000E+0	-99.4000E+0	-100.000E-9
78.5000E+0	-418.324E-9	45.0000E+0	-99.4000E+0	-100.000E-9
78.5000E+0	-421.027E-9	56.0000E+0	-99.4000E+0	-100.000E-9
78.7500E+0	-421.868E-9	46.0000E+0	-99.4000E+0	-100.000E-9
78.7500E+0	-418.214E-9	45.0000E+0	-99.4000E+0	-100.000E-9
79.0000E+0	-418.437E-9	41.0000E+0	-99.4000E+0	-100.000E-9
79.0000E+0	-418.216E-9	42.0000E+0	-99.4000E+0	-100.000E-9
79.2500E+0	-418.796E-9	35.0000E+0	-99.4000E+0	-100.000E-9
79.2500E+0	-420.275E-9	42.0000E+0	-99.4000E+0	-100.000E-9
79.5000E+0	-420.741E-9	42.0000E+0	-99.4000E+0	-100.000E-9
79.5000E+0	-424.205E-9	49.0000E+0	-99.4000E+0	-100.000E-9
79.7500E+0	-420.562E-9	35.0000E+0	-99.4000E+0	-100.000E-9
79.7500E+0	-419.498E-9	49.0000E+0	-99.4000E+0	-100.000E-9
80.0000E+0	-420.439E-9	28.0000E+0	-99.4000E+0	-100.000E-9
80.0000E+0	-419.526E-9	38.0000E+0	-99.4000E+0	-100.000E-9
80.2500E+0	-421.779E-9	35.0000E+0	-99.4000E+0	-100.000E-9
80.2500E+0	-418.474E-9	42.0000E+0	-99.4000E+0	-100.000E-9
80.5000E+0	-422.907E-9	37.0000E+0	-99.4000E+0	-100.000E-9
80.5000E+0	-419.481E-9	45.0000E+0	-99.4000E+0	-100.000E-9
80.7500E+0	-419.594E-9	36.0000E+0	-99.4000E+0	-100.000E-9
80.7500E+0	-423.143E-9	40.0000E+0	-99.4000E+0	-100.000E-9
81.0000E+0	-418.984E-9	53.0000E+0	-99.4000E+0	-100.000E-9
81.0000E+0	-418.706E-9	43.0000E+0	-99.4000E+0	-100.000E-9
81.2500E+0	-419.136E-9	38.0000E+0	-99.4000E+0	-100.000E-9
81.2500E+0	-419.429E-9	46.0000E+0	-99.4000E+0	-100.000E-9
81.5000E+0	-419.257E-9	31.0000E+0	-99.4000E+0	-100.000E-9
81.5000E+0	-419.206E-9	39.0000E+0	-99.4000E+0	-100.000E-9
81.7500E+0	-419.544E-9	41.0000E+0	-99.4000E+0	-100.000E-9
81.7500E+0	-420.496E-9	40.0000E+0	-99.4000E+0	-100.000E-9
82.0000E+0	-419.440E-9	37.0000E+0	-99.4000E+0	-100.000E-9
82.0000E+0	-416.977E-9	38.0000E+0	-99.4000E+0	-100.000E-9
82.2500E+0	-416.679E-9	40.0000E+0	-99.4000E+0	-100.000E-9
82.2500E+0	-418.444E-9	36.0000E+0	-99.4000E+0	-100.000E-9
82.5000E+0	-417.394E-9	33.0000E+0	-99.4000E+0	-100.000E-9
82.5000E+0	-420.893E-9	35.0000E+0	-99.4000E+0	-100.000E-9
82.7500E+0	-423.255E-9	35.0000E+0	-99.4000E+0	-100.000E-9
82.7500E+0	-421.553E-9	44.0000E+0	-99.4000E+0	-100.000E-9
83.0000E+0	-420.230E-9	31.0000E+0	-99.4000E+0	-100.000E-9
83.0000E+0	-419.949E-9	31.0000E+0	-99.4000E+0	-100.000E-9
83.2500E+0	-424.417E-9	38.0000E+0	-99.4000E+0	-100.000E-9
83.2500E+0	-420.343E-9	39.0000E+0	-99.4000E+0	-100.000E-9
83.5000E+0	-428.257E-9	33.0000E+0	-99.4000E+0	-100.000E-9
83.5000E+0	-426.088E-9	34.0000E+0	-99.4000E+0	-100.000E-9
83.7500E+0	-425.708E-9	32.0000E+0	-99.4000E+0	-100.000E-9
83.7500E+0	-424.825E-9	34.0000E+0	-99.4000E+0	-100.000E-9
84.0000E+0	-424.911E-9	37.0000E+0	-99.4000E+0	-100.000E-9
84.0000E+0	-423.934E-9	30.0000E+0	-99.4000E+0	-100.000E-9
84.2500E+0	-425.768E-9	32.0000E+0	-99.4000E+0	-100.000E-9
84.2500E+0	-424.537E-9	29.0000E+0	-99.4000E+0	-100.000E-9
84.5000E+0	-424.035E-9	30.0000E+0	-99.4000E+0	-100.000E-9
84.5000E+0	-423.598E-9	42.0000E+0	-99.4000E+0	-100.000E-9
84.7500E+0	-426.984E-9	29.0000E+0	-99.4000E+0	-100.000E-9
84.7500E+0	-423.467E-9	32.0000E+0	-99.4000E+0	-100.000E-9
85.0000E+0	-422.748E-9	38.0000E+0	-99.4000E+0	-100.000E-9
85.0000E+0	-426.833E-9	43.0000E+0	-99.4000E+0	-100.000E-9
85.2500E+0	-424.264E-9	21.0000E+0	-99.4000E+0	-100.000E-9
85.2500E+0	-424.495E-9	36.0000E+0	-99.4000E+0	-100.000E-9
85.5000E+0	-426.834E-9	34.0000E+0	-99.4000E+0	-100.000E-9
85.5000E+0	-425.078E-9	32.0000E+0	-99.4000E+0	-100.000E-9
85.7500E+0	-424.861E-9	27.0000E+0	-99.4000E+0	-100.000E-9
85.7500E+0	-425.994E-9	21.0000E+0	-99.4000E+0	-100.000E-9
86.0000E+0	-427.569E-9	30.0000E+0	-99.4000E+0	-100.000E-9
86.0000E+0	-424.362E-9	28.0000E+0	-99.4000E+0	-100.000E-9
86.2500E+0	-426.646E-9	30.0000E+0	-99.4000E+0	-100.000E-9
86.2500E+0	-424.250E-9	27.0000E+0	-99.4000E+0	-100.000E-9
86.5000E+0	-426.054E-9	25.0000E+0	-99.4000E+0	-100.000E-9
86.5000E+0	-423.492E-9	25.0000E+0	-99.4000E+0	-100.000E-9
86.7500E+0	-422.566E-9	32.0000E+0	-99.4000E+0	-100.000E-9
86.7500E+0	-422.506E-9	21.0000E+0	-99.4000E+0	-100.000E-9
87.0000E+0	-423.292E-9	23.0000E+0	-99.4000E+0	-100.000E-9
87.0000E+0	-422.918E-9	16.0000E+0	-99.4000E+0	-100.000E-9
87.2500E+0	-422.335E-9	27.0000E+0	-99.4000E+0	-100.000E-9
87.2500E+0	-422.051E-9	20.0000E+0	-99.4000E+0	-100.000E-9
87.5000E+0	-422.490E-9	22.0000E+0	-99.4000E+0	-100.000E-9
87.5000E+0	-422.464E-9	20.0000E+0	-99.4000E+0	-100.000E-9
87.7500E+0	-422.597E-9	22.0000E+0	-99.4000E+0	-100.000E-9
87.7500E+0	-422.931E-9	34.0000E+0	-99.4000E+0	-100.000E-9
88.0000E+0	-422.799E-9	26.0000E+0	-99.4000E+0	-100.000E-9
88.0000E+0	-423.842E-9	14.0000E+0	-99.4000E+0	-100.000E-9
88.2500E+0	-423.328E-9	18.0000E+0	-99.4000E+0	-100.000E-9
88.2500E+0	-423.692E-9	22.0000E+0	-99.4000E+0	-100.000E-9
88.5000E+0	-422.783E-9	14.0000E+0	-99.4000E+0	-100.000E-9
88.5000E+0	-422.837E-9	17.0000E+0	-99.4000E+0	-100.000E-9
88.7500E+0	-422.593E-9	19.0000E+0	-99.4000E+0	-100.000E-9
88.7500E+0	-425.167E-9	27.0000E+0	-99.4000E+0	-100.000E-9
89.0000E+0	-422.748E-9	11.0000E+0	-99.4000E+0	-100.000E-9
89.0000E+0	-423.823E-9	21.0000E+0	-99.4000E+0	-100.000E-9
89.2500E+0	-423.288E-9	24.0000E+0	-99.4000E+0	-100.000E-9
89.2500E+0	-422.905E-9	11.0000E+0	-99.4000E+0	-100.000E-9
89.5000E+0	-417.310E-9	24.0000E+0	-99.4000E+0	-100.000E-9
89.5000E+0	-427.697E-9	10.0000E+0	-99.4000E+0	-100.000E-9
89.7500E+0	-425.863E-9	18.0000E+0	-99.4000E+0	-100.000E-9
89.7500E+0	-425.479E-9	17.0000E+0	-99.4000E+0	-100.000E-9
90.0000E+0	-424.003E-9	20.0000E+0	-99.4000E+0	-100.000E-9
90.0000E+0	-427.416E-9	18.0000E+0	-99.4000E+0	-100.000E-9
90.2500E+0	-425.936E-9	14.0000E+0	-99.4000E+0	-100.000E-9
90.2500E+0	-424.949E-9	17.0000E+0	-99.4000E+0	-100.000E-9
90.5000E+0	-426.662E-9	16.0000E+0	-99.4000E+0	-100.000E-9
90.5000E+0	-424.415E-9	23.0000E+0	-99.4000E+0	-100.000E-9
90.7500E+0	-423.766E-9	13.0000E+0	-99.4000E+0	-100.000E-9
90.7500E+0	-425.777E-9	19.0000E+0	-99.4000E+0	-100.000E-9
91.0000E+0	-423.289E-9	25.0000E+0	-99.4000E+0	-100.000E-9
91.0000E+0	-422.663E-9	16.0000E+0	-99.4000E+0	-100.000E-9
91.2500E+0	-422.827E-9	24.0000E+0	-99.4000E+0	-100.000E-9
91.2500E+0	-422.883E-9	26.0000E+0	-99.4000E+0	-100.000E-9
91.5000E+0	-422.932E-9	23.0000E+0	-99.4000E+0	-100.000E-9
91.5000E+0	-423.189E-9	21.0000E+0	-99.4000E+0	-100.000E-9
91.7500E+0	-422.589E-9	36.0000E+0	-99.4000E+0	-100.000E-9
91.7500E+0	-424.739E-9	28.0000E+0	-99.4000E+0	-100.000E-9
92.0000E+0	-425.090E-9	45.0000E+0	-99.4000E+0	-100.000E-9
92.0000E+0	-422.379E-9	46.0000E+0	-99.4000E+0	-100.000E-9
92.2500E+0	-426.900E-9	41.0000E+0	-99.4000E+0	-100.000E-9
92.2500E+0	-426.615E-9	48.0000E+0	-99.4000E+0	-100.000E-9
92.5000E+0	-424.598E-9	50.0000E+0	-99.4000E+0	-100.000E-9
92.5000E+0	-426.926E-9	70.0000E+0	-99.4000E+0	-100.000E-9
92.7500E+0	-426.511E-9	59.0000E+0	-99.4000E+0	-100.000E-9
92.7500E+0	-423.142E-9	68.0000E+0	-99.4000E+0	-100.000E-9
93.0000E+0	-424.490E-9	75.0000E+0	-99.4000E+0	-100.000E-9
93.0000E+0	-424.488E-9	67.0000E+0	-99.4000E+0	-100.000E-9
93.2500E+0	-424.628E-9	61.0000E+0	-99.4000E+0	-100.000E-9
93.2500E+0	-425.747E-9	43.0000E+0	-99.4000E+0	-100.000E-9
93.5000E+0	-424.983E-9	47.0000E+0	-99.4000E+0	-100.000E-9
93.5000E+0	-426.453E-9	41.0000E+0	-99.4000E+0	-100.000E-9
93.7500E+0	-425.995E-9	25.0000E+0	-99.4000E+0	-100.000E-9
93.7500E+0	-424.652E-9	18.0000E+0	-99.4000E+0	-100.000E-9
94.0000E+0	-425.924E-9	16.0000E+0	-99.4000E+0	-100.000E-9
94.0000E+0	-425.844E-9	16.0000E+0	-99.4000E+0	-100.000E-9
94.2500E+0	-424.328E-9	5.00000E+0	-99.4000E+0	-100.000E-9
94.2500E+0	-425.845E-9	1.00000E+0	-99.4000E+0	-100.000E-9
94.5000E+0	-425.816E-9	0.00000E+0	-99.4000E+0	-100.000E-9
94.5000E+0	-425.199E-9	0.00000E+0	-99.4000E+0	-100.000E-9
94.7500E+0	-422.996E-9	0.00000E+0	-99.4000E+0	-100.000E-9
94.7500E+0	-422.827E-9	0.00000E+0	-99.4000E+0	-100.000E-9
95.0000E+0	-425.027E-9	0.00000E+0	-99.4000E+0	-100.000E-9
95.0000E+0	-423.862E-9	0.00000E+0	-99.4000E+0	-100.000E-9
95.2500E+0	-424.848E-9	0.00000E+0	-99.4000E+0	-100.000E-9
95.2500E+0	-423.288E-9	0.00000E+0	-99.4000E+0	-100.000E-9
95.5000E+0	-422.797E-9	0.00000E+0	-99.4000E+0	-100.000E-9
95.5000E+0	-425.309E-9	0.00000E+0	-99.4000E+0	-100.000E-9
95.7500E+0	-423.473E-9	0.00000E+0	-99.4000E+0	-100.000E-9
95.7500E+0	-425.117E-9	0.00000E+0	-99.4000E+0	-100.000E-9
96.0000E+0	-424.192E-9	0.00000E+0	-99.4000E+0	-100.000E-9
96.0000E+0	-422.692E-9	0.00000E+0	-99.4000E+0	-100.000E-9
96.2500E+0	-420.792E-9	0.00000E+0	-99.4000E+0	-100.000E-9
96.2500E+0	-419.878E-9	0.00000E+0	-99.4000E+0	-100.000E-9
96.5000E+0	-420.749E-9	0.00000E+0	-99.4000E+0	-100.000E-9
96.5000E+0	-420.502E-9	0.00000E+0	-99.4000E+0	-100.000E-9
96.7500E+0	-423.327E-9	0.00000E+0	-99.4000E+0	-100.000E-9
96.7500E+0	-421.955E-9	0.00000E+0	-99.4000E+0	-100.000E-9
97.0000E+0	-422.425E-9	0.00000E+0	-99.4000E+0	-100.000E-9
97.0000E+0	-421.523E-9	0.00000E+0	-99.4000E+0	-100.000E-9
97.2500E+0	-420.491E-9	0.00000E+0	-99.4000E+0	-100.000E-9
97.2500E+0	-421.076E-9	0.00000E+0	-99.4000E+0	-100.000E-9
97.5000E+0	-420.241E-9	0.00000E+0	-99.4000E+0	-100.000E-9
97.5000E+0	-421.084E-9	0.00000E+0	-99.4000E+0	-100.000E-9
97.7500E+0	-422.584E-9	0.00000E+0	-99.4000E+0	-100.000E-9
97.7500E+0	-419.899E-9	0.00000E+0	-99.4000E+0	-100.000E-9
98.0000E+0	-418.271E-9	0.00000E+0	-99.4000E+0	-100.000E-9
98.0000E+0	-420.864E-9	0.00000E+0	-99.4000E+0	-100.000E-9
98.2500E+0	-420.911E-9	0.00000E+0	-99.4000E+0	-100.000E-9
98.2500E+0	-418.974E-9	0.00000E+0	-99.4000E+0	-100.000E-9
98.5000E+0	-418.568E-9	0.00000E+0	-99.4000E+0	-100.000E-9
98.5000E+0	-419.164E-9	0.00000E+0	-99.4000E+0	-100.000E-9
98.7500E+0	-421.024E-9	0.00000E+0	-99.4000E+0	-100.000E-9
98.7500E+0	-420.482E-9	0.00000E+0	-99.4000E+0	-100.000E-9
99.0000E+0	-421.266E-9	0.00000E+0	-99.4000E+0	-100.000E-9
99.0000E+0	-421.703E-9	0.00000E+0	-99.4000E+0	-100.000E-9
99.2500E+0	-420.536E-9	0.00000E+0	-99.4000E+0	-100.000E-9
99.2500E+0	-419.843E-9	0.00000E+0	-99.4000E+0	-100.000E-9
99.2500E+0	-419.892E-9	0.00000E+0	-99.4000E+0	-100.000E-9
99.2500E+0	-418.878E-9	0.00000E+0	-99.4000E+0	-100.000E-9
99.0000E+0	-418.798E-9	0.00000E+0	-99.4000E+0	-100.000E-9
99.0000E+0	-418.440E-9	0.00000E+0	-99.4000E+0	-100.000E-9
98.7500E+0	-419.629E-9	0.00000E+0	-99.4000E+0	-100.000E-9
98.7500E+0	-418.747E-9	0.00000E+0	-99.4000E+0	-100.000E-9
98.5000E+0	-419.875E-9	0.00000E+0	-99.4000E+0	-100.000E-9
98.5000E+0	-419.747E-9	0.00000E+0	-99.4000E+0	-100.000E-9
98.2500E+0	-418.385E-9	0.00000E+0	-99.4000E+0	-100.000E-9
98.2500E+0	-417.142E-9	0.00000E+0	-99.4000E+0	-100.000E-9
98.0000E+0	-416.744E-9	0.00000E+0	-99.4000E+0	-100.000E-9
98.0000E+0	-419.221E-9	0.00000E+0	-99.4000E+0	-100.000E-9
97.7500E+0	-418.614E-9	0.00000E+0	-99.4000E+0	-100.000E-9
97.7500E+0	-418.610E-9	0.00000E+0	-99.4000E+0	-100.000E-9
97.5000E+0	-417.908E-9	0.00000E+0	-99.4000E+0	-100.000E-9
97.5000E+0	-417.867E-9	0.00000E+0	-99.4000E+0	-100.000E-9
97.2500E+0	-418.606E-9	0.00000E+0	-99.4000E+0	-100.000E-9
97.2500E+0	-417.911E-9	0.00000E+0	-99.4000E+0	-100.000E-9
97.0000E+0	-417.491E-9	0.00000E+0	-99.4000E+0	-100.000E-9
97.0000E+0	-417.959E-9	0.00000E+0	-99.4000E+0	-100.000E-9
96.7500E+0	-418.373E-9	0.00000E+0	-99.4000E+0	-100.000E-9
96.7500E+0	-417.842E-9	0.00000E+0	-99.4000E+0	-100.000E-9
96.5000E+0	-418.500E-9	0.00000E+0	-99.4000E+0	-100.000E-9
96.5000E+0	-418.207E-9	0.00000E+0	-99.4000E+0	-100.000E-9
96.2500E+0	-417.684E-9	0.00000E+0	-99.4000E+0	-100.000E-9
96.2500E+0	-418.312E-9	0.00000E+0	-99.4000E+0	-100.000E-9
96.0000E+0	-418.209E-9	0.00000E+0	-99.4000E+0	-100.000E-9
96.0000E+0	-417.743E-9	0.00000E+0	-99.4000E+0	-100.000E-9
95.7500E+0	-415.830E-9	0.00000E+0	-99.4000E+0	-100.000E-9
95.7500E+0	-419.772E-9	0.00000E+0	-99.4000E+0	-100.000E-9
95.5000E+0	-419.457E-9	0.00000E+0	-99.4000E+0	-100.000E-9
95.5000E+0	-422.284E-9	0.00000E+0	-99.4000E+0	-100.000E-9
95.2500E+0	-424.890E-9	0.00000E+0	-99.4000E+0	-100.000E-9
95.2500E+0	-424.274E-9	0.00000E+0	-99.4000E+0	-100.000E-9
95.0000E+0	-426.375E-9	0.00000E+0	-99.4000E+0	-100.000E-9
95.0000E+0	-424.227E-9	0.00000E+0	-99.4000E+0	-100.000E-9
94.7500E+0	-414.480E-9	0.00000E+0	-99.4000E+0	-100.000E-9
94.7500E+0	-416.367E-9	0.00000E+0	-99.4000E+0	-100.000E-9
94.5000E+0	-416.147E-9	0.00000E+0	-99.4000E+0	-100.000E-9
94.5000E+0	-414.259E-9	0.00000E+0	-99.4000E+0	-100.000E-9
94.2500E+0	-414.720E-9	0.00000E+0	-99.4000E+0	-100.000E-9
94.2500E+0	-409.731E-9	0.00000E+0	-99.4000E+0	-100.000E-9
94.0000E+0	-413.424E-9	0.00000E+0	-99.4000E+0	-100.000E-9
94.0000E+0	-413.696E-9	0.00000E+0	-99.4000E+0	-100.000E-9
93.7500E+0	-413.733E-9	0.00000E+0	-99.4000E+0	-100.000E-9
93.7500E+0	-414.194E-9	0.00000E+0	-99.4000E+0	-100.000E-9
93.5000E+0	-414.177E-9	0.00000E+0	-99.4000E+0	-100.000E-9
93.5000E+0	-413.346E-9	3.00000E+0	-99.4000E+0	-100.000E-9
93.2500E+0	-413.330E-9	5.00000E+0	-99.4000E+0	-100.000E-9
93.2500E+0	-413.680E-9	5.00000E+0	-99.4000E+0	-100.000E-9
93.0000E+0	-412.352E-9	10.0000E+0	-99.4000E+0	-100.000E-9
93.0000E+0	-412.798E-9	20.0000E+0	-99.4000E+0	-100.000E-9
92.7500E+0	-411.581E-9	24.0000E+0	-99.4000E+0	-100.000E-9
92.7500E+0	-412.394E-9	30.0000E+0	-99.4000E+0	-100.000E-9
92.5000E+0	-411.119E-9	44.0000E+0	-99.4000E+0	-100.000E-9
92.5000E+0	-414.161E-9	53.0000E+0	-99.4000E+0	-100.000E-9
92.2500E+0	-413.795E-9	53.0000E+0	-99.4000E+0	-100.000E-9
92.2500E+0	-413.398E-9	63.0000E+0	-99.4000E+0	-100.000E-9
92.0000E+0	-419.534E-9	65.0000E+0	-99.4000E+0	-100.000E-9
92.0000E+0	-416.990E-9	70.0000E+0	-99.4000E+0	-100.000E-9
91.7500E+0	-416.844E-9	63.0000E+0	-99.4000E+0	-100.000E-9
91.7500E+0	-418.380E-9	67.0000E+0	-99.4000E+0	-100.000E-9
91.5000E+0	-416.754E-9	52.0000E+0	-99.4000E+0	-100.000E-9
91.5000E+0	-419.445E-9	44.0000E+0	-99.4000E+0	-100.000E-9
91.2500E+0	-416.093E-9	37.0000E+0	-99.4000E+0	-100.000E-9
91.2500E+0	-416.960E-9	44.0000E+0	-99.4000E+0	-100.000E-9
91.0000E+0	-419.094E-9	40.0000E+0	-99.4000E+0	-100.000E-9
91.0000E+0	-418.356E-9	31.0000E+0	-99.4000E+0	-100.000E-9
90.7500E+0	-416.362E-9	27.0000E+0	-99.4000E+0	-100.000E-9
90.7500E+0	-416.484E-9	19.0000E+0	-99.4000E+0	-100.000E-9
90.5000E+0	-415.149E-9	25.0000E+0	-99.4000E+0	-100.000E-9
90.5000E+0	-417.793E-9	19.0000E+0	-99.4000E+0	-100.000E-9
90.2500E+0	-415.912E-9	34.0000E+0	-99.4000E+0	-100.000E-9
90.2500E+0	-418.279E-9	29.0000E+0	-99.4000E+0	-100.000E-9
90.0000E+0	-414.506E-9	26.0000E+0	-99.4000E+0	-100.000E-9
90.0000E+0	-415.780E-9	14.0000E+0	-99.4000E+0	-100.000E-9
89.7500E+0	-416.425E-9	24.0000E+0	-99.4000E+0	-100.000E-9
89.7500E+0	-416.669E-9	13.0000E+0	-99.4000E+0	-100.000E-9
89.5000E+0	-419.158E-9	26.0000E+0	-99.4000E+0	-100.000E-9
89.5000E+0	-416.739E-9	18.0000E+0	-99.4000E+0	-100.000E-9
89.2500E+0	-416.254E-9	27.0000E+0	-99.4000E+0	-100.000E-9
89.2500E+0	-416.514E-9	18.0000E+0	-99.4000E+0	-100.000E-9
89.0000E+0	-416.548E-9	14.0000E+0	-99.4000E+0	-100.000E-9
89.0000E+0	-415.107E-9	19.0000E+0	-99.4000E+0	-100.000E-9
88.7500E+0	-413.422E-9	22.0000E+0	-99.4000E+0	-100.000E-9
88.7500E+0	-414.479E-9	18.0000E+0	-99.4000E+0	-100.000E-9
88.5000E+0	-416.884E-9	27.0000E+0	-99.4000E+0	-100.000E-9
88.5000E+0	-415.778E-9	15.0000E+0	-99.4000E+0	-100.000E-9
88.2500E+0	-414.108E-9	21.0000E+0	-99.4000E+0	-100.000E-9
88.2500E+0	-413.787E-9	11.0000E+0	-99.4000E+0	-100.000E-9
88.0000E+0	-414.036E-9	17.0000E+0	-99.4000E+0	-100.000E-9
88.0000E+0	-415.479E-9	24.0000E+0	-99.4000E+0	-100.000E-9
87.7500E+0	-417.512E-9	16.0000E+0	-99.4000E+0	-100.000E-9
87.7500E+0	-415.732E-9	22.0000E+0	-99.4000E+0	-100.000E-9
87.5000E+0	-415.057E-9	18.0000E+0	-99.4000E+0	-100.000E-9
87.5000E+0	-415.844E-9	26.0000E+0	-99.4000E+0	-100.000E-9
87.2500E+0	-415.934E-9	25.0000E+0	-99.4000E+0	-100.000E-9
87.2500E+0	-415.553E-9	19.0000E+0	-99.4000E+0	-100.000E-9
87.0000E+0	-414.537E-9	22.0000E+0	-99.4000E+0	-100.000E-9
87.0000E+0	-414.878E-9	22.0000E+0	-99.4000E+0	-100.000E-9
86.7500E+0	-412.085E-9	25.0000E+0	-99.4000E+0	-100.000E-9
86.7500E+0	-413.078E-9	19.0000E+0	-99.4000E+0	-100.000E-9
86.5000E+0	-415.549E-9	21.0000E+0	-99.4000E+0	-100.000E-9
86.5000E+0	-416.864E-9	21.0000E+0	-99.4000E+0	-100.000E-9
86.2500E+0	-413.636E-9	28.0000E+0	-99.4000E+0	-100.000E-9
86.2500E+0	-413.661E-9	27.0000E+0	-99.4000E+0	-100.000E-9
86.0000E+0	-413.572E-9	34.0000E+0	-99.4000E+0	-100.000E-9
86.0000E+0	-417.097E-9	23.0000E+0	-99.4000E+0	-100.000E-9
85.7500E+0	-413.049E-9	19.0000E+0	-99.4000E+0	-100.000E-9
85.7500E+0	-414.609E-9	30.0000E+0	-99.4000E+0	-100.000E-9
85.5000E+0	-415.022E-9	23.0000E+0	-99.4000E+0	-100.000E-9
85.5000E+0	-415.398E-9	23.0000E+0	-99.4000E+0	-100.000E-9
85.2500E+0	-413.927E-9	18.0000E+0	-99.4000E+0	-100.000E-9
85.2500E+0	-414.660E-9	30.0000E+0	-99.4000E+0	-100.000E-9
85.0000E+0	-416.503E-9	31.0000E+0	-99.4000E+0	-100.000E-9
85.0000E+0	-414.499E-9	27.0000E+0	-99.4000E+0	-100.000E-9
84.7500E+0	-414.676E-9	26.0000E+0	-99.4000E+0	-100.000E-9
84.7500E+0	-414.259E-9	42.0000E+0	-99.4000E+0	-100.000E-9
84.5000E+0	-414.385E-9	19.0000E+0	-99.4000E+0	-100.000E-9
84.5000E+0	-414.682E-9	38.0000E+0	-99.4000E+0	-100.000E-9
84.2500E+0	-414.430E-9	31.0000E+0	-99.4000E+0	-100.000E-9
84.2500E+0	-412.908E-9	38.0000E+0	-99.4000E+0	-100.000E-9
84.0000E+0	-414.010E-9	31.0000E+0	-99.4000E+0	-100.000E-9
84.0000E+0	-413.133E-9	39.0000E+0	-99.4000E+0	-100.000E-9
83.7500E+0	-415.450E-9	39.0000E+0	-99.4000E+0	-100.000E-9
83.7500E+0	-413.693E-9	30.0000E+0	-99.4000E+0	-100.000E-9
83.5000E+0	-414.188E-9	28.0000E+0	-99.4000E+0	-100.000E-9
83.5000E+0	-413.952E-9	38.0000E+0	-99.4000E+0	-100.000E-9
83.2500E+0	-414.361E-9	27.0000E+0	-99.4000E+0	-100.000E-9
83.2500E+0	-412.527E-9	31.0000E+0	-99.4000E+0	-100.000E-9
83.0000E+0	-413.733E-9	34.0000E+0	-99.4000E+0	-100.000E-9
83.0000E+0	-412.703E-9	26.0000E+0	-99.4000E+0	-100.000E-9
82.7500E+0	-412.973E-9	37.0000E+0	-99.4000E+0	-100.000E-9
82.7500E+0	-412.367E-9	30.0000E+0	-99.4000E+0	-100.000E-9
82.5000E+0	-412.686E-9	35.0000E+0	-99.4000E+0	-100.000E-9
82.5000E+0	-412.346E-9	37.0000E+0	-99.4000E+0	-100.000E-9
82.2500E+0	-414.535E-9	36.0000E+0	-99.4000E+0	-100.000E-9
82.2500E+0	-413.183E-9	40.0000E+0	-99.4000E+0	-100.000E-9
82.0000E+0	-411.666E-9	51.0000E+0	-99.4000E+0	-100.000E-9
82.0000E+0	-411.947E-9	35.0000E+0	-99.4000E+0	-100.000E-9
81.7500E+0	-411.472E-9	35.0000E+0	-99.4000E+0	-100.000E-9
81.7500E+0	-411.470E-9	35.0000E+0	-99.4000E+0	-100.000E-9
81.5000E+0	-411.199E-9	36.0000E+0	-99.4000E+0	-100.000E-9
81.5000E+0	-411.554E-9	40.0000E+0	-99.4000E+0	-100.000E-9
81.2500E+0	-411.151E-9	31.0000E+0	-99.4000E+0	-100.000E-9
81.2500E+0	-411.055E-9	40.0000E+0	-99.4000E+0	-100.000E-9
81.0000E+0	-411.012E-9	36.0000E+0	-99.4000E+0	-100.000E-9
81.0000E+0	-413.338E-9	46.0000E+0	-99.4000E+0	-100.000E-9
80.7500E+0	-413.055E-9	50.0000E+0	-99.4000E+0	-100.000E-9
80.7500E+0	-411.030E-9	37.0000E+0	-99.4000E+0	-100.000E-9
80.5000E+0	-411.395E-9	38.0000E+0	-99.4000E+0	-100.000E-9
80.5000E+0	-409.277E-9	41.0000E+0	-99.4000E+0	-100.000E-9
80.2500E+0	-410.278E-9	29.0000E+0	-99.4000E+0	-100.000E-9
80.2500E+0	-407.844E-9	34.0000E+0	-99.4000E+0	-100.000E-9
80.0000E+0	-407.566E-9	38.0000E+0	-99.4000E+0	-100.000E-9
80.0000E+0	-407.706E-9	33.0000E+0	-99.4000E+0	-100.000E-9
79.7500E+0	-410.031E-9	42.0000E+0	-99.4000E+0	-100.000E-9
79.7500E+0	-408.028E-9	35.0000E+0	-99.4000E+0	-100.000E-9
79.5000E+0	-408.088E-9	42.0000E+0	-99.4000E+0	-100.000E-9
79.5000E+0	-409.097E-9	52.0000E+0	-99.4000E+0	-100.000E-9
79.2500E+0	-407.713E-9	46.0000E+0	-99.4000E+0	-100.000E-9
79.2500E+0	-410.275E-9	36.0000E+0	-99.4000E+0	-100.000E-9
79.0000E+0	-408.284E-9	34.0000E+0	-99.4000E+0	-100.000E-9
79.0000E+0	-408.001E-9	25.0000E+0	-99.4000E+0	-100.000E-9
78.7500E+0	-409.293E-9	33.0000E+0	-99.4000E+0	-100.000E-9
78.7500E+0	-407.886E-9	34.0000E+0	-99.4000E+0	-100.000E-9
78.5000E+0	-407.536E-9	29.0000E+0	-99.4000E+0	-100.000E-9
78.5000E+0	-410.377E-9	55.0000E+0	-99.4000E+0	-100.000E-9
78.2500E+0	-410.343E-9	43.0000E+0	-99.4000E+0	-100.000E-9
78.2500E+0	-407.871E-9	39.0000E+0	-99.4000E+0	-100.000E-9
78.0000E+0	-407.682E-9	37.0000E+0	-99.4000E+0	-100.000E-9
78.0000E+0	-407.575E-9	52.0000E+0	-99.4000E+0	-100.000E-9
77.7500E+0	-407.611E-9	31.0000E+0	-99.4000E+0	-100.000E-9
77.7500E+0	-407.500E-9	32.0000E+0	-99.4000E+0	-100.000E-9
77.5000E+0	-409.502E-9	49.0000E+0	-99.4000E+0	-100.000E-9
77.5000E+0	-407.645E-9	47.0000E+0	-99.4000E+0	-100.000E-9
77.2500E+0	-408.191E-9	42.0000E+0	-99.4000E+0	-100.000E-9
77.2500E+0	-407.701E-9	48.0000E+0	-99.4000E+0	-100.000E-9
77.0000E+0	-407.813E-9	44.0000E+0	-99.4000E+0	-100.000E-9
77.0000E+0	-408.857E-9	31.0000E+0	-99.4000E+0	-100.000E-9
76.7500E+0	-407.502E-9	39.0000E+0	-99.4000E+0	-100.000E-9
76.7500E+0	-407.934E-9	39.0000E+0	-99.4000E+0	-100.000E-9
76.5000E+0	-407.484E-9	52.0000E+0	-99.4000E+0	-100.000E-9
76.5000E+0	-407.452E-9	64.0000E+0	-99.4000E+0	-100.000E-9
76.2500E+0	-409.509E-9	48.0000E+0	-99.4000E+0	-100.000E-9
76.2500E+0	-407.098E-9	53.0000E+0	-99.4000E+0	-100.000E-9
76.0000E+0	-407.137E-9	50.0000E+0	-99.4000E+0	-100.000E-9
76.0000E+0	-408.141E-9	56.0000E+0	-99.4000E+0	-100.000E-9
75.7500E+0	-406.986E-9	45.0000E+0	-99.4000E+0	-100.000E-9
75.7500E+0	-406.647E-9	45.0000E+0	-99.4000E+0	-100.000E-9
75.5000E+0	-406.826E-9	43.0000E+0	-99.4000E+0	-100.000E-9
75.5000E+0	-409.199E-9	56.0000E+0	-99.4000E+0	-100.000E-9
75.2500E+0	-408.959E-9	49.0000E+0	-99.4000E+0	-100.000E-9
75.2500E+0	-406.533E-9	46.0000E+0	-99.4000E+0	-100.000E-9
75.0000E+0	-406.801E-9	59.0000E+0	-99.4000E+0	-100.000E-9
75.0000E+0	-406.359E-9	45.0000E+0	-99.4000E+0	-100.000E-9
74.7500E+0	-408.700E-9	49.0000E+0	-99.4000E+0	-100.000E-9
74.7500E+0	-407.666E-9	49.0000E+0	-99.4000E+0	-100.000E-9
74.5000E+0	-406.946E-9	49.0000E+0	-99.4000E+0	-100.000E-9
74.5000E+0	-406.408E-9	38.0000E+0	-99.4000E+0	-100.000E-9
74.2500E+0	-406.474E-9	53.0000E+0	-99.4000E+0	-100.000E-9
74.2500E+0	-406.394E-9	64.0000E+0	-99.4000E+0	-100.000E-9
74.0000E+0	-406.066E-9	56.0000E+0	-99.4000E+0	-100.000E-9
74.0000E+0	-405.988E-9	55.0000E+0	-99.4000E+0	-100.000E-9
73.7500E+0	-406.266E-9	63.0000E+0	-99.4000E+0	-100.000E-9
73.7500E+0	-406.233E-9	54.0000E+0	-99.4000E+0	-100.000E-9
73.5000E+0	-406.375E-9	50.0000E+0	-99.4000E+0	-100.000E-9
73.5000E+0	-406.680E-9	51.0000E+0	-99.4000E+0	-100.000E-9
73.2500E+0	-408.557E-9	40.0000E+0	-99.4000E+0	-100.000E-9
73.2500E+0	-408.811E-9	52.0000E+0	-99.4000E+0	-100.000E-9
73.0000E+0	-410.008E-9	43.0000E+0	-99.4000E+0	-100.000E-9
73.0000E+0	-407.104E-9	55.0000E+0	-99.4000E+0	-100.000E-9
72.7500E+0	-407.138E-9	46.0000E+0	-99.4000E+0	-100.000E-9
72.7500E+0	-406.779E-9	61.0000E+0	-99.4000E+0	-100.000E-9
72.5000E+0	-406.337E-9	71.0000E+0	-99.4000E+0	-100.000E-9
72.5000E+0	-408.653E-9	48.0000E+0	-99.4000E+0	-100.000E-9
72.2500E+0	-406.301E-9	43.0000E+0	-99.4000E+0	-100.000E-9
72.2500E+0	-406.296E-9	49.0000E+0	-99.4000E+0	-100.000E-9
72.0000E+0	-406.111E-9	46.0000E+0	-99.4000E+0	-100.000E-9
72.0000E+0	-405.992E-9	46.0000E+0	-99.4000E+0	-100.000E-9
71.7500E+0	-408.947E-9	43.0000E+0	-99.4000E+0	-100.000E-9
71.7500E+0	-408.377E-9	59.0000E+0	-99.4000E+0	-100.000E-9
71.5000E+0	-408.368E-9	46.0000E+0	-99.4000E+0	-100.000E-9
71.5000E+0	-408.423E-9	71.0000E+0	-99.4000E+0	-100.000E-9
71.2500E+0	-408.555E-9	53.0000E+0	-99.4000E+0	-100.000E-9
71.2500E+0	-408.044E-9	58.0000E+0	-99.4000E+0	-100.000E-9
71.0000E+0	-409.683E-9	51.0000E+0	-99.4000E+0	-100.000E-9
71.0000E+0	-407.775E-9	52.0000E+0	-99.4000E+0	-100.000E-9
70.7500E+0	-409.246E-9	64.0000E+0	-99.4000E+0	-100.000E-9
70.7500E+0	-407.517E-9	53.0000E+0	-99.4000E+0	-100.000E-9
70.5000E+0	-407.391E-9	65.0000E+0	-99.4000E+0	-100.000E-9
70.5000E+0	-408.062E-9	59.0000E+0	-99.4000E+0	-100.000E-9
70.2500E+0	-407.761E-9	77.0000E+0	-99.4000E+0	-100.000E-9
70.2500E+0	-409.017E-9	66.0000E+0	-99.4000E+0	-100.000E-9
70.0000E+0	-407.176E-9	42.0000E+0	-99.4000E+0	-100.000E-9
70.0000E+0	-407.749E-9	59.0000E+0	-99.4000E+0	-100.000E-9
69.7500E+0	-408.851E-9	64.0000E+0	-99.4000E+0	-100.000E-9
69.7500E+0	-408.548E-9	60.0000E+0	-99.4000E+0	-100.000E-9
69.5000E+0	-408.146E-9	51.0000E+0	-99.4000E+0	-100.000E-9
69.5000E+0	-408.187E-9	52.0000E+0	-99.4000E+0	-100.000E-9
69.2500E+0	-402.523E-9	47.0000E+0	-99.4000E+0	-100.000E-9
69.2500E+0	-411.598E-9	53.0000E+0	-99.4000E+0	-100.000E-9
69.0000E+0	-412.416E-9	56.0000E+0	-99.4000E+0	-100.000E-9
69.0000E+0	-410.461E-9	67.0000E+0	-99.4000E+0	-100.000E-9
68.7500E+0	-410.981E-9	67.0000E+0	-99.4000E+0	-100.000E-9
68.7500E+0	-409.771E-9	59.0000E+0	-99.4000E+0	-100.000E-9
68.5000E+0	-411.306E-9	57.0000E+0	-99.4000E+0	-100.000E-9
68.5000E+0	-410.895E-9	64.0000E+0	-99.4000E+0	-100.000E-9
68.2500E+0	-410.451E-9	67.0000E+0	-99.4000E+0	-100.000E-9
68.2500E+0	-410.675E-9	52.0000E+0	-99.4000E+0	-100.000E-9
68.0000E+0	-411.355E-9	53.0000E+0	-99.4000E+0	-100.000E-9
68.0000E+0	-408.490E-9	67.0000E+0	-99.4000E+0	-100.000E-9
67.7500E+0	-409.268E-9	62.0000E+0	-99.4000E+0	-100.000E-9
67.7500E+0	-409.562E-9	66.0000E+0	-99.4000E+0	-100.000E-9
67.5000E+0	-408.467E-9	59.0000E+0	-99.4000E+0	-100.000E-9
67.5000E+0	-409.522E-9	63.0000E+0	-99.4000E+0	-100.000E-9
67.2500E+0	-409.852E-9	60.0000E+0	-99.4000E+0	-100.000E-9
67.2500E+0	-408.831E-9	57.0000E+0	-99.4000E+0	-100.000E-9
67.0000E+0	-408.124E-9	64.0000E+0	-99.4000E+0	-100.000E-9
67.0000E+0	-408.609E-9	62.0000E+0	-99.4000E+0	-100.000E-9
66.7500E+0	-408.373E-9	72.0000E+0	-99.4000E+0	-100.000E-9
66.7500E+0	-408.748E-9	66.0000E+0	-99.4000E+0	-100.000E-9
66.5000E+0	-408.644E-9	62.0000E+0	-99.4000E+0	-100.000E-9
66.5000E+0	-409.017E-9	71.0000E+0	-99.4000E+0	-100.000E-9
66.2500E+0	-409.008E-9	55.0000E+0	-99.4000E+0	-100.000E-9
66.2500E+0	-409.379E-9	57.0000E+0	-99.4000E+0	-100.000E-9
66.0000E+0	-409.670E-9	73.0000E+0	-99.4000E+0	-100.000E-9
66.0000E+0	-408.903E-9	62.0000E+0	-99.4000E+0	-100.000E-9
65.7500E+0	-409.097E-9	67.0000E+0	-99.4000E+0	-100.000E-9
65.7500E+0	-408.826E-9	57.0000E+0	-99.4000E+0	-100.000E-9
65.5000E+0	-408.596E-9	52.0000E+0	-99.4000E+0	-100.000E-9
65.5000E+0	-408.213E-9	44.0000E+0	-99.4000E+0	-100.000E-9
65.2500E+0	-407.981E-9	52.0000E+0	-99.4000E+0	-100.000E-9
65.2500E+0	-407.960E-9	57.0000E+0	-99.4000E+0	-100.000E-9
65.0000E+0	-407.433E-9	65.0000E+0	-99.4000E+0	-100.000E-9
65.0000E+0	-407.866E-9	55.0000E+0	-99.4000E+0	-100.000E-9
64.7500E+0	-406.965E-9	67.0000E+0	-99.4000E+0	-100.000E-9
64.7500E+0	-406.918E-9	62.0000E+0	-99.4000E+0	-100.000E-9
64.5000E+0	-406.790E-9	60.0000E+0	-99.4000E+0	-100.000E-9
64.5000E+0	-407.756E-9	64.0000E+0	-99.4000E+0	-100.000E-9
64.2500E+0	-406.243E-9	66.0000E+0	-99.4000E+0	-100.000E-9
64.2500E+0	-406.824E-9	58.0000E+0	-99.4000E+0	-100.000E-9
64.0000E+0	-407.456E-9	56.0000E+0	-99.4000E+0	-100.000E-9
64.0000E+0	-407.492E-9	57.0000E+0	-99.4000E+0	-100.000E-9
63.7500E+0	-407.097E-9	62.0000E+0	-99.4000E+0	-100.000E-9
63.7500E+0	-406.484E-9	64.0000E+0	-99.4000E+0	-100.000E-9
63.5000E+0	-405.837E-9	62.0000E+0	-99.4000E+0	-100.000E-9
63.5000E+0	-405.723E-9	53.0000E+0	-99.4000E+0	-100.000E-9
63.2500E+0	-406.060E-9	63.0000E+0	-99.4000E+0	-100.000E-9
63.2500E+0	-405.851E-9	55.0000E+0	-99.4000E+0	-100.000E-9
63.0000E+0	-405.994E-9	63.0000E+0	-99.4000E+0	-100.000E-9
63.0000E+0	-406.897E-9	65.0000E+0	-99.4000E+0	-100.000E-9
62.7500E+0	-406.610E-9	66.0000E+0	-99.4000E+0	-100.000E-9
62.7500E+0	-402.207E-9	74.0000E+0	-99.4000E+0	-100.000E-9
62.5000E+0	-402.446E-9	48.0000E+0	-99.4000E+0	-100.000E-9
62.5000E+0	-397.656E-9	57.0000E+0	-99.4000E+0	-100.000E-9
62.2500E+0	-398.177E-9	59.0000E+0	-99.4000E+0	-100.000E-9
62.2500E+0	-401.611E-9	76.0000E+0	-99.4000E+0	-100.000E-9
62.0000E+0	-401.522E-9	67.0000E+0	-99.4000E+0	-100.000E-9
62.0000E+0	-400.864E-9	71.0000E+0	-99.4000E+0	-100.000E-9
61.7500E+0	-400.681E-9	71.0000E+0	-99.4000E+0	-100.000E-9
61.7500E+0	-401.367E-9	58.0000E+0	-99.4000E+0	-100.000E-9
61.5000E+0	-401.112E-9	67.0000E+0	-99.4000E+0	-100.000E-9
61.5000E+0	-400.629E-9	58.0000E+0	-99.4000E+0	-100.000E-9
61.2500E+0	-400.307E-9	70.0000E+0	-99.4000E+0	-100.000E-9
61.2500E+0	-400.170E-9	45.0000E+0	-99.4000E+0	-100.000E-9
61.0000E+0	-401.008E-9	63.0000E+0	-99.4000E+0	-100.000E-9
61.0000E+0	-401.863E-9	58.0000E+0	-99.4000E+0	-100.000E-9
60.7500E+0	-400.777E-9	77.0000E+0	-99.4000E+0	-100.000E-9
60.7500E+0	-400.665E-9	68.0000E+0	-99.4000E+0	-100.000E-9
60.5000E+0	-400.775E-9	56.0000E+0	-99.4000E+0	-100.000E-9
60.5000E+0	-400.422E-9	63.0000E+0	-99.4000E+0	-100.000E-9
60.2500E+0	-400.014E-9	54.0000E+0	-99.4000E+0	-100.000E-9
60.2500E+0	-400.238E-9	72.0000E+0	-99.4000E+0	-100.000E-9
60.0000E+0	-400.512E-9	53.0000E+0	-99.4000E+0	-100.000E-9
60.0000E+0	-400.229E-9	71.0000E+0	-99.4000E+0	-100.000E-9
59.7500E+0	-400.648E-9	61.0000E+0	-99.4000E+0	-100.000E-9
59.7500E+0	-400.607E-9	66.0000E+0	-99.4000E+0	-100.000E-9
59.5000E+0	-400.236E-9	69.0000E+0	-99.4000E+0	-100.000E-9
59.5000E+0	-400.323E-9	62.0000E+0	-99.4000E+0	-100.000E-9
59.2500E+0	-400.405E-9	61.0000E+0	-99.4000E+0	-100.000E-9
59.2500E+0	-398.463E-9	58.0000E+0	-99.4000E+0	-100.000E-9
59.0000E+0	-399.352E-9	65.0000E+0	-99.4000E+0	-100.000E-9
59.0000E+0	-397.886E-9	54.0000E+0	-99.4000E+0	-100.000E-9
58.7500E+0	-398.727E-9	53.0000E+0	-99.4000E+0	-100.000E-9
58.7500E+0	-398.209E-9	63.0000E+0	-99.4000E+0	-100.000E-9
58.5000E+0	-398.448E-9	60.0000E+0	-99.4000E+0	-100.000E-9
58.5000E+0	-398.191E-9	67.0000E+0	-99.4000E+0	-100.000E-9
58.2500E+0	-398.497E-9	56.0000E+0	-99.4000E+0	-100.000E-9
58.2500E+0	-398.227E-9	59.0000E+0	-99.4000E+0	-100.000E-9
58.0000E+0	-398.457E-9	69.0000E+0	-99.4000E+0	-100.000E-9
58.0000E+0	-398.426E-9	48.0000E+0	-99.4000E+0	-100.000E-9
57.7500E+0	-398.751E-9	54.0000E+0	-99.4000E+0	-100.000E-9
57.7500E+0	-398.480E-9	64.0000E+0	-99.4000E+0	-100.000E-9
57.5000E+0	-402.056E-9	47.0000E+0	-99.4000E+0	-100.000E-9
57.5000E+0	-402.248E-9	64.0000E+0	-99.4000E+0	-100.000E-9
57.2500E+0	-401.951E-9	59.0000E+0	-99.4000E+0	-100.000E-9
57.2500E+0	-401.266E-9	74.0000E+0	-99.4000E+0	-100.000E-9
57.0000E+0	-401.985E-9	68.0000E+0	-99.4000E+0	-100.000E-9
57.0000E+0	-401.877E-9	62.0000E+0	-99.4000E+0	-100.000E-9
56.7500E+0	-402.106E-9	44.0000E+0	-99.4000E+0	-100.000E-9
56.7500E+0	-402.057E-9	63.0000E+0	-99.4000E+0	-100.000E-9
56.5000E+0	-401.138E-9	57.0000E+0	-99.4000E+0	-100.000E-9
56.5000E+0	-401.872E-9	63.0000E+0	-99.4000E+0	-100.000E-9
56.2500E+0	-399.017E-9	61.0000E+0	-99.4000E+0	-100.000E-9
56.2500E+0	-400.694E-9	64.0000E+0	-99.4000E+0	-100.000E-9
56.0000E+0	-399.746E-9	52.0000E+0	-99.4000E+0	-100.000E-9
56.0000E+0	-399.518E-9	72.0000E+0	-99.4000E+0	-100.000E-9
55.7500E+0	-399.979E-9	53.0000E+0	-99.4000E+0	-100.000E-9
55.7500E+0	-402.777E-9	72.0000E+0	-99.4000E+0	-100.000E-9
55.5000E+0	-403.107E-9	41.0000E+0	-99.4000E+0	-100.000E-9
55.5000E+0	-403.058E-9	55.0000E+0	-99.4000E+0	-100.000E-9
55.2500E+0	-402.882E-9	45.0000E+0	-99.4000E+0	-100.000E-9
55.2500E+0	-405.310E-9	69.0000E+0	-99.4000E+0	-100.000E-9
55.0000E+0	-405.052E-9	46.0000E+0	-99.4000E+0	-100.000E-9
55.0000E+0	-404.680E-9	53.0000E+0	-99.4000E+0	-100.000E-9
54.7500E+0	-403.051E-9	54.0000E+0	-99.4000E+0	-100.000E-9
54.7500E+0	-403.513E-9	57.0000E+0	-99.4000E+0	-100.000E-9
54.5000E+0	-403.348E-9	68.0000E+0	-99.4000E+0	-100.000E-9
54.5000E+0	-402.522E-9	68.0000E+0	-99.4000E+0	-100.000E-9
54.2500E+0	-402.996E-9	66.0000E+0	-99.4000E+0	-100.000E-9
54.2500E+0	-403.437E-9	47.0000E+0	-99.4000E+0	-100.000E-9
54.0000E+0	-403.389E-9	57.0000E+0	-99.4000E+0	-100.000E-9
54.0000E+0	-403.552E-9	65.0000E+0	-99.4000E+0	-100.000E-9
53.7500E+0	-403.854E-9	50.0000E+0	-99.4000E+0	-100.000E-9
53.7500E+0	-403.786E-9	59.0000E+0	-99.4000E+0	-100.000E-9
53.5000E+0	-402.826E-9	58.0000E+0	-99.4000E+0	-100.000E-9
53.5000E+0	-403.026E-9	58.0000E+0	-99.4000E+0	-100.000E-9
53.2500E+0	-403.698E-9	55.0000E+0	-99.4000E+0	-100.000E-9
53.2500E+0	-403.443E-9	52.0000E+0	-99.4000E+0	-100.000E-9
53.0000E+0	-404.042E-9	51.0000E+0	-99.4000E+0	-100.000E-9
53.0000E+0	-403.461E-9	48.0000E+0	-99.4000E+0	-100.000E-9
52.7500E+0	-403.253E-9	53.0000E+0	-99.4000E+0	-100.000E-9
52.7500E+0	-402.270E-9	38.0000E+0	-99.4000E+0	-100.000E-9
52.5000E+0	-403.073E-9	68.0000E+0	-99.4000E+0	-100.000E-9
52.5000E+0	-402.136E-9	59.0000E+0	-99.4000E+0	-100.000E-9
52.2500E+0	-402.690E-9	61.0000E+0	-99.4000E+0	-100.000E-9
52.2500E+0	-403.406E-9	48.0000E+0	-99.4000E+0	-100.000E-9
52.0000E+0	-401.593E-9	76.0000E+0	-99.4000E+0	-100.000E-9
52.0000E+0	-402.569E-9	59.0000E+0	-99.4000E+0	-100.000E-9
51.7500E+0	-403.935E-9	54.0000E+0	-99.4000E+0	-100.000E-9
51.7500E+0	-403.344E-9	58.0000E+0	-99.4000E+0	-100.000E-9
51.5000E+0	-401.569E-9	57.0000E+0	-99.4000E+0	-100.000E-9
51.5000E+0	-401.608E-9	64.0000E+0	-99.4000E+0	-100.000E-9
51.2500E+0	-403.140E-9	62.0000E+0	-99.4000E+0	-100.000E-9
51.2500E+0	-401.403E-9	54.0000E+0	-99.4000E+0	-100.000E-9
51.0000E+0	-402.644E-9	49.0000E+0	-99.4000E+0	-100.000E-9
51.0000E+0	-401.915E-9	42.0000E+0	-99.4000E+0	-100.000E-9
50.7500E+0	-402.490E-9	73.0000E+0	-99.4000E+0	-100.000E-9
50.7500E+0	-403.079E-9	61.0000E+0	-99.4000E+0	-100.000E-9
50.5000E+0	-402.670E-9	74.0000E+0	-99.4000E+0	-100.000E-9
50.5000E+0	-401.564E-9	65.0000E+0	-99.4000E+0	-100.000E-9
50.2500E+0	-400.968E-9	64.0000E+0	-99.4000E+0	-100.000E-9
50.2500E+0	-401.637E-9	69.0000E+0	-99.4000E+0	-100.000E-9
50.0000E+0	-399.835E-9	57.0000E+0	-99.4000E+0	-100.000E-9
50.0000E+0	-400.718E-9	65.0000E+0	-99.4000E+0	-100.000E-9
49.7500E+0	-401.089E-9	37.0000E+0	-99.4000E+0	-100.000E-9
49.7500E+0	-401.511E-9	77.0000E+0	-99.4000E+0	-100.000E-9
49.5000E+0	-400.561E-9	49.0000E+0	-99.4000E+0	-100.000E-9
49.5000E+0	-400.045E-9	62.0000E+0	-99.4000E+0	-100.000E-9
49.2500E+0	-400.606E-9	57.0000E+0	-99.4000E+0	-100.000E-9
49.2500E+0	-400.395E-9	38.0000E+0	-99.4000E+0	-100.000E-9
49.0000E+0	-400.073E-9	58.0000E+0	-99.4000E+0	-100.000E-9
49.0000E+0	-401.267E-9	50.0000E+0	-99.4000E+0	-100.000E-9
48.7500E+0	-400.610E-9	49.0000E+0	-99.4000E+0	-100.000E-9
48.7500E+0	-400.792E-9	47.0000E+0	-99.4000E+0	-100.000E-9
48.5000E+0	-400.308E-9	59.0000E+0	-99.4000E+0	-100.000E-9
48.5000E+0	-401.217E-9	60.0000E+0	-99.4000E+0	-100.000E-9
48.2500E+0	-400.872E-9	59.0000E+0	-99.4000E+0	-100.000E-9
48.2500E+0	-401.003E-9	61.0000E+0	-99.4000E+0	-100.000E-9
48.0000E+0	-400.044E-9	63.0000E+0	-99.4000E+0	-100.000E-9
48.0000E+0	-400.535E-9	50.0000E+0	-99.4000E+0	-100.000E-9
47.7500E+0	-399.892E-9	56.0000E+0	-99.4000E+0	-100.000E-9
47.7500E+0	-399.907E-9	62.0000E+0	-99.4000E+0	-100.000E-9
47.5000E+0	-401.173E-9	54.0000E+0	-99.4000E+0	-100.000E-9
47.5000E+0	-398.974E-9	57.0000E+0	-99.4000E+0	-100.000E-9
47.2500E+0	-398.333E-9	61.0000E+0	-99.4000E+0	-100.000E-9
47.2500E+0	-398.179E-9	43.0000E+0	-99.4000E+0	-100.000E-9
47.0000E+0	-398.117E-9	48.0000E+0	-99.4000E+0	-100.000E-9
47.0000E+0	-400.887E-9	57.0000E+0	-99.4000E+0	-100.000E-9
46.7500E+0	-398.958E-9	48.0000E+0	-99.4000E+0	-100.000E-9
46.7500E+0	-398.586E-9	57.0000E+0	-99.4000E+0	-100.000E-9
46.5000E+0	-399.271E-9	65.0000E+0	-99.4000E+0	-100.000E-9
46.5000E+0	-399.338E-9	65.0000E+0	-99.4000E+0	-100.000E-9
46.2500E+0	-400.309E-9	65.0000E+0	-99.4000E+0	-100.000E-9
46.2500E+0	-399.451E-9	65.0000E+0	-99.4000E+0	-100.000E-9
46.0000E+0	-399.521E-9	51.0000E+0	-99.4000E+0	-100.000E-9
46.0000E+0	-399.475E-9	52.0000E+0	-99.4000E+0	-100.000E-9
45.7500E+0	-401.068E-9	55.0000E+0	-99.4000E+0	-100.000E-9
45.7500E+0	-401.347E-9	57.0000E+0	-99.4000E+0	-100.000E-9
45.5000E+0	-399.094E-9	61.0000E+0	-99.4000E+0	-100.000E-9
45.5000E+0	-400.487E-9	58.0000E+0	-99.4000E+0	-100.000E-9
45.2500E+0	-401.106E-9	49.0000E+0	-99.4000E+0	-100.000E-9
45.2500E+0	-397.880E-9	51.0000E+0	-99.4000E+0	-100.000E-9
45.0000E+0	-396.611E-9	58.0000E+0	-99.4000E+0	-100.000E-9
45.0000E+0	-396.933E-9	57.0000E+0	-99.4000E+0	-100.000E-9
44.7500E+0	-396.559E-9	53.0000E+0	-99.4000E+0	-100.000E-9
44.7500E+0	-398.297E-9	48.0000E+0	-99.4000E+0	-100.000E-9
44.5000E+0	-398.106E-9	69.0000E+0	-99.4000E+0	-100.000E-9
44.5000E+0	-396.147E-9	49.0000E+0	-99.4000E+0	-100.000E-9
44.2500E+0	-396.531E-9	55.0000E+0	-99.4000E+0	-100.000E-9
44.2500E+0	-396.282E-9	73.0000E+0	-99.4000E+0	-100.000E-9
44.0000E+0	-395.722E-9	49.0000E+0	-99.4000E+0	-100.000E-9
44.0000E+0	-397.232E-9	49.0000E+0	-99.4000E+0	-100.000E-9
43.7500E+0	-396.163E-9	73.0000E+0	-99.4000E+0	-100.000E-9
43.7500E+0	-395.724E-9	64.0000E+0	-99.4000E+0	-100.000E-9
43.5000E+0	-395.795E-9	51.0000E+0	-99.4000E+0	-100.000E-9
43.5000E+0	-396.201E-9	54.0000E+0	-99.4000E+0	-100.000E-9
43.2500E+0	-386.505E-9	45.0000E+0	-99.4000E+0	-100.000E-9
43.2500E+0	-386.830E-9	57.0000E+0	-99.4000E+0	-100.000E-9
43.0000E+0	-387.270E-9	56.0000E+0	-99.4000E+0	-100.000E-9
43.0000E+0	-386.877E-9	60.0000E+0	-99.4000E+0	-100.000E-9
42.7500E+0	-387.639E-9	49.0000E+0	-99.4000E+0	-100.000E-9
42.7500E+0	-386.717E-9	63.0000E+0	-99.4000E+0	-100.000E-9
42.5000E+0	-387.388E-9	67.0000E+0	-99.4000E+0	-100.000E-9
42.5000E+0	-386.988E-9	53.0000E+0	-99.4000E+0	-100.000E-9
42.2500E+0	-386.962E-9	48.0000E+0	-99.4000E+0	-100.000E-9
42.2500E+0	-386.909E-9	48.0000E+0	-99.4000E+0	-100.000E-9
42.0000E+0	-384.935E-9	71.0000E+0	-99.4000E+0	-100.000E-9
42.0000E+0	-386.262E-9	58.0000E+0	-99.4000E+0	-100.000E-9
41.7500E+0	-385.445E-9	52.0000E+0	-99.4000E+0	-100.000E-9
41.7500E+0	-386.118E-9	62.0000E+0	-99.4000E+0	-100.000E-9
41.5000E+0	-384.818E-9	59.0000E+0	-99.4000E+0	-100.000E-9
41.5000E+0	-386.179E-9	48.0000E+0	-99.4000E+0	-100.000E-9
41.2500E+0	-386.449E-9	57.0000E+0	-99.4000E+0	-100.000E-9
41.2500E+0	-386.241E-9	53.0000E+0	-99.4000E+0	-100.000E-9
41.0000E+0	-386.674E-9	56.0000E+0	-99.4000E+0	-100.000E-9
41.0000E+0	-386.481E-9	62.0000E+0	-99.4000E+0	-100.000E-9
40.7500E+0	-386.792E-9	50.0000E+0	-99.4000E+0	-100.000E-9
40.7500E+0	-387.056E-9	55.0000E+0	-99.4000E+0	-100.000E-9
40.5000E+0	-386.019E-9	52.0000E+0	-99.4000E+0	-100.000E-9
40.5000E+0	-387.179E-9	58.0000E+0	-99.4000E+0	-100.000E-9
40.2500E+0	-387.172E-9	48.0000E+0	-99.4000E+0	-100.000E-9
40.2500E+0	-386.779E-9	62.0000E+0	-99.4000E+0	-100.000E-9
40.0000E+0	-386.703E-9	55.0000E+0	-99.4000E+0	-100.000E-9
40.0000E+0	-386.632E-9	57.0000E+0	-99.4000E+0	-100.000E-9
39.7500E+0	-386.336E-9	47.0000E+0	-99.4000E+0	-100.000E-9
39.7500E+0	-385.826E-9	48.0000E+0	-99.4000E+0	-100.000E-9
39.5000E+0	-386.206E-9	59.0000E+0	-99.4000E+0	-100.000E-9
39.5000E+0	-385.302E-9	49.0000E+0	-99.4000E+0	-100.000E-9
39.2500E+0	-385.558E-9	52.0000E+0	-99.4000E+0	-100.000E-9
39.2500E+0	-385.727E-9	39.0000E+0	-99.4000E+0	-100.000E-9
39.0000E+0	-385.475E-9	40.0000E+0	-99.4000E+0	-100.000E-9
39.0000E+0	-385.695E-9	58.0000E+0	-99.4000E+0	-100.000E-9
38.7500E+0	-386.274E-9	47.0000E+0	-99.4000E+0	-100.000E-9
38.7500E+0	-384.516E-9	59.0000E+0	-99.4000E+0	-100.000E-9
38.5000E+0	-386.125E-9	57.0000E+0	-99.4000E+0	-100.000E-9
38.5000E+0	-384.184E-9	41.0000E+0	-99.4000E+0	-100.000E-9
38.2500E+0	-383.933E-9	39.0000E+0	-99.4000E+0	-100.000E-9
38.2500E+0	-384.203E-9	47.0000E+0	-99.4000E+0	-100.000E-9
38.0000E+0	-385.353E-9	50.0000E+0	-99.4000E+0	-100.000E-9
38.0000E+0	-385.044E-9	56.0000E+0	-99.4000E+0	-100.000E-9
37.7500E+0	-385.713E-9	46.0000E+0	-99.4000E+0	-100.000E-9
37.7500E+0	-385.034E-9	48.0000E+0	-99.4000E+0	-100.000E-9
37.5000E+0	-384.922E-9	51.0000E+0	-99.4000E+0	-100.000E-9
37.5000E+0	-385.441E-9	55.0000E+0	-99.4000E+0	-100.000E-9
37.2500E+0	-385.165E-9	50.0000E+0	-99.4000E+0	-100.000E-9
37.2500E+0	-385.087E-9	57.0000E+0	-99.4000E+0	-100.000E-9
37.0000E+0	-385.406E-9	46.0000E+0	-99.4000E+0	-100.000E-9
37.0000E+0	-383.708E-9	51.0000E+0	-99.4000E+0	-100.000E-9
36.7500E+0	-384.587E-9	48.0000E+0	-99.4000E+0	-100.000E-9
36.7500E+0	-382.839E-9	39.0000E+0	-99.4000E+0	-100.000E-9
36.5000E+0	-383.809E-9	44.0000E+0	-99.4000E+0	-100.000E-9
36.5000E+0	-384.715E-9	50.0000E+0	-99.4000E+0	-100.000E-9
36.2500E+0	-384.402E-9	53.0000E+0	-99.4000E+0	-100.000E-9
36.2500E+0	-383.730E-9	52.0000E+0	-99.4000E+0	-100.000E-9
36.0000E+0	-384.969E-9	46.0000E+0	-99.4000E+0	-100.000E-9
36.0000E+0	-384.138E-9	46.0000E+0	-99.4000E+0	-100.000E-9
35.7500E+0	-383.240E-9	54.0000E+0	-99.4000E+0	-100.000E-9
35.7500E+0	-384.484E-9	52.0000E+0	-99.4000E+0	-100.000E-9
35.5000E+0	-383.686E-9	38.0000E+0	-99.4000E+0	-100.000E-9
35.5000E+0	-383.889E-9	38.0000E+0	-99.4000E+0	-100.000E-9
35.2500E+0	-385.053E-9	41.0000E+0	-99.4000E+0	-100.000E-9
35.2500E+0	-384.473E-9	53.0000E+0	-99.4000E+0	-100.000E-9
35.0000E+0	-382.548E-9	38.0000E+0	-99.4000E+0	-100.000E-9
35.0000E+0	-384.231E-9	39.0000E+0	-99.4000E+0	-100.000E-9
34.7500E+0	-383.661E-9	48.0000E+0	-99.4000E+0	-100.000E-9
34.7500E+0	-384.816E-9	47.0000E+0	-99.4000E+0	-100.000E-9
34.5000E+0	-384.992E-9	44.0000E+0	-99.4000E+0	-100.000E-9
34.5000E+0	-384.412E-9	29.0000E+0	-99.4000E+0	-100.000E-9
34.2500E+0	-384.650E-9	37.0000E+0	-99.4000E+0	-100.000E-9
34.2500E+0	-383.491E-9	48.0000E+0	-99.4000E+0	-100.000E-9
34.0000E+0	-383.525E-9	51.0000E+0	-99.4000E+0	-100.000E-9
34.0000E+0	-383.628E-9	31.0000E+0	-99.4000E+0	-100.000E-9
33.7500E+0	-383.333E-9	38.0000E+0	-99.4000E+0	-100.000E-9
33.7500E+0	-385.401E-9	36.0000E+0	-99.4000E+0	-100.000E-9
33.5000E+0	-385.557E-9	42.0000E+0	-99.4000E+0	-100.000E-9
33.5000E+0	-384.701E-9	31.0000E+0	-99.4000E+0	-100.000E-9
33.2500E+0	-385.107E-9	40.0000E+0	-99.4000E+0	-100.000E-9
33.2500E+0	-384.008E-9	31.0000E+0	-99.4000E+0	-100.000E-9
33.0000E+0	-384.207E-9	28.0000E+0	-99.4000E+0	-100.000E-9
33.0000E+0	-384.935E-9	33.0000E+0	-99.4000E+0	-100.000E-9
32.7500E+0	-382.686E-9	24.0000E+0	-99.4000E+0	-100.000E-9
32.7500E+0	-383.709E-9	24.0000E+0	-99.4000E+0	-100.000E-9
32.5000E+0	-383.889E-9	25.0000E+0	-99.4000E+0	-100.000E-9
32.5000E+0	-383.139E-9	19.0000E+0	-99.4000E+0	-100.000E-9
32.2500E+0	-383.979E-9	16.0000E+0	-99.4000E+0	-100.000E-9
32.2500E+0	-383.631E-9	28.0000E+0	-99.4000E+0	-100.000E-9
32.0000E+0	-384.350E-9	26.0000E+0	-99.4000E+0	-100.000E-9
32.0000E+0	-383.558E-9	25.0000E+0	-99.4000E+0	-100.000E-9
31.7500E+0	-384.214E-9	20.0000E+0	-99.4000E+0	-100.000E-9
31.7500E+0	-384.268E-9	10.0000E+0	-99.4000E+0	-100.000E-9
31.5000E+0	-384.522E-9	9.00000E+0	-99.4000E+0	-100.000E-9
31.5000E+0	-384.242E-9	13.0000E+0	-99.4000E+0	-100.000E-9
31.2500E+0	-384.079E-9	13.0000E+0	-99.4000E+0	-100.000E-9
31.2500E+0	-384.192E-9	9.00000E+0	-99.4000E+0	-100.000E-9
31.0000E+0	-383.993E-9	8.00000E+0	-99.4000E+0	-100.000E-9
31.0000E+0	-383.748E-9	9.00000E+0	-99.4000E+0	-100.000E-9
30.7500E+0	-384.311E-9	5.00000E+0	-99.4000E+0	-100.000E-9
30.7500E+0	-383.895E-9	5.00000E+0	-99.4000E+0	-100.000E-9
30.5000E+0	-383.549E-9	2.00000E+0	-99.4000E+0	-100.000E-9
30.5000E+0	-383.750E-9	5.00000E+0	-99.4000E+0	-100.000E-9
30.2500E+0	-384.254E-9	3.00000E+0	-99.4000E+0	-100.000E-9
30.2500E+0	-383.928E-9	4.00000E+0	-99.4000E+0	-100.000E-9
30.0000E+0	-382.146E-9	1.00000E+0	-99.4000E+0	-100.000E-9
30.0000E+0	-381.799E-9	1.00000E+0	-99.4000E+0	-100.000E-9
29.7500E+0	-379.640E-9	0.00000E+0	-99.4000E+0	-100.000E-9
29.7500E+0	-380.845E-9	0.00000E+0	-99.4000E+0	-100.000E-9
29.5000E+0	-381.143E-9	2.00000E+0	-99.4000E+0	-100.000E-9
29.5000E+0	-380.540E-9	0.00000E+0	-99.4000E+0	-100.000E-9
29.2500E+0	-380.490E-9	0.00000E+0	-99.4000E+0	-100.000E-9
29.2500E+0	-381.356E-9	1.00000E+0	-99.4000E+0	-100.000E-9
29.0000E+0	-381.236E-9	0.00000E+0	-99.4000E+0	-100.000E-9
29.0000E+0	-380.459E-9	1.00000E+0	-99.4000E+0	-100.000E-9
28.7500E+0	-381.355E-9	0.00000E+0	-99.4000E+0	-100.000E-9
28.7500E+0	-381.261E-9	0.00000E+0	-99.4000E+0	-100.000E-9
28.5000E+0	-380.525E-9	0.00000E+0	-99.4000E+0	-100.000E-9
28.5000E+0	-381.587E-9	0.00000E+0	-99.4000E+0	-100.000E-9
28.2500E+0	-381.033E-9	0.00000E+0	-99.4000E+0	-100.000E-9
28.2500E+0	-381.292E-9	0.00000E+0	-99.4000E+0	-100.000E-9
28.0000E+0	-380.858E-9	0.00000E+0	-99.4000E+0	-100.000E-9
28.0000E+0	-380.842E-9	0.00000E+0	-99.4000E+0	-100.000E-9
