Experiment	LongTerm Data	
Date	05.01.2016 16:35:53	
User		
Base Timestamp	2016-01-05 15:36:27.26	

[DATA]
Rel. Time (s)	Z (m)
0.00000E+0	25.1400E-9
1.00006E+0	25.2824E-9
2.00011E+0	25.4086E-9
3.00017E+0	16.7129E-9
4.00023E+0	23.8380E-9
5.00029E+0	37.6645E-9
6.00034E+0	17.1360E-9
7.00240E+0	21.3380E-9
7.99946E+0	38.5522E-9
8.99952E+0	19.7201E-9
9.99957E+0	19.0088E-9
10.9996E+0	27.4110E-9
11.9997E+0	26.4146E-9
12.9997E+0	26.4608E-9
13.9998E+0	26.5021E-9
14.9999E+0	26.5563E-9
15.9999E+0	26.5887E-9
17.0000E+0	26.6396E-9
18.0000E+0	26.6683E-9
19.0001E+0	26.7086E-9
20.0001E+0	26.7602E-9
21.0002E+0	26.7816E-9
22.0003E+0	26.8158E-9
23.0003E+0	26.8485E-9
24.0004E+0	26.8824E-9
25.0004E+0	26.9162E-9
25.9995E+0	26.9458E-9
26.9995E+0	26.9763E-9
27.9996E+0	27.0027E-9
28.9997E+0	27.0462E-9
29.9997E+0	26.8599E-9
30.9998E+0	27.0412E-9
31.9998E+0	26.9187E-9
32.9999E+0	27.1094E-9
33.9999E+0	26.9850E-9
35.0000E+0	27.1727E-9
36.0001E+0	27.0464E-9
37.0001E+0	27.2317E-9
38.0002E+0	27.1065E-9
39.0002E+0	27.2873E-9
40.0003E+0	27.1614E-9
41.0003E+0	27.3801E-9
42.0004E+0	27.4008E-9
42.9995E+0	27.4284E-9
43.9995E+0	27.4441E-9
44.9996E+0	27.4672E-9
45.9996E+0	27.4898E-9
46.9997E+0	27.5096E-9
47.9997E+0	27.5385E-9
48.9998E+0	27.5520E-9
49.9999E+0	27.5725E-9
50.9999E+0	27.3944E-9
52.0000E+0	27.5569E-9
53.0000E+0	27.4392E-9
54.0001E+0	27.5972E-9
55.0001E+0	27.4839E-9
56.0002E+0	27.6373E-9
57.0003E+0	27.5251E-9
58.0003E+0	27.6791E-9
59.0004E+0	27.5710E-9
60.0004E+0	27.7156E-9
60.9995E+0	27.6160E-9
61.9995E+0	27.7566E-9
62.9996E+0	27.6607E-9
64.0017E+0	27.7885E-9
64.9997E+0	27.7036E-9
66.0008E+0	27.8197E-9
67.0008E+0	27.7390E-9
68.0029E+0	27.8525E-9
69.0149E+0	27.7765E-9
70.0070E+0	27.8832E-9
71.0011E+0	27.8196E-9
72.0001E+0	27.9150E-9
73.0012E+0	27.8670E-9
74.0042E+0	27.9465E-9
75.0033E+0	27.8997E-9
76.0033E+0	27.9636E-9
77.0044E+0	27.9381E-9
78.0025E+0	27.9887E-9
79.0035E+0	27.9550E-9
79.9996E+0	28.0098E-9
80.9996E+0	28.0345E-9
81.9997E+0	28.0503E-9
82.9997E+0	28.0720E-9
83.9998E+0	28.0819E-9
84.9999E+0	28.0958E-9
85.9999E+0	28.1365E-9
87.0000E+0	28.2419E-9
88.0000E+0	28.1253E-9
89.0001E+0	28.2653E-9
90.0001E+0	28.1504E-9
91.0002E+0	28.2964E-9
92.0003E+0	28.1857E-9
93.0003E+0	28.3222E-9
94.0004E+0	28.2047E-9
95.0004E+0	28.3465E-9
96.0025E+0	28.2188E-9
96.9995E+0	28.3667E-9
97.9996E+0	28.2394E-9
98.9997E+0	28.3964E-9
99.9997E+0	28.2686E-9
101.000E+0	28.4237E-9
102.000E+0	28.2899E-9
103.000E+0	28.4584E-9
104.000E+0	28.3203E-9
105.000E+0	28.4804E-9
106.000E+0	28.3459E-9
107.000E+0	28.5009E-9
108.000E+0	28.3722E-9
109.000E+0	28.5182E-9
110.000E+0	28.3967E-9
111.000E+0	28.5362E-9
112.000E+0	28.4152E-9
112.999E+0	28.5545E-9
114.000E+0	28.4398E-9
115.000E+0	28.5704E-9
116.000E+0	28.4551E-9
117.000E+0	28.5876E-9
118.000E+0	28.4815E-9
119.000E+0	28.6045E-9
120.000E+0	28.5099E-9
121.000E+0	28.6202E-9
122.000E+0	28.5361E-9
123.000E+0	28.6345E-9
124.000E+0	28.5627E-9
125.000E+0	28.6459E-9
126.011E+0	28.5883E-9
127.000E+0	28.6666E-9
128.000E+0	28.6141E-9
129.000E+0	28.6845E-9
130.000E+0	28.6328E-9
130.999E+0	28.7045E-9
132.000E+0	28.6572E-9
133.000E+0	28.7212E-9
134.000E+0	28.6788E-9
135.000E+0	28.7347E-9
136.000E+0	28.6979E-9
137.001E+0	28.7577E-9
138.000E+0	28.7301E-9
139.000E+0	28.7768E-9
140.000E+0	28.7587E-9
141.001E+0	28.7872E-9
142.000E+0	28.7816E-9
143.000E+0	28.7961E-9
144.000E+0	28.8021E-9
145.004E+0	28.8087E-9
146.000E+0	28.8183E-9
147.000E+0	28.8133E-9
147.999E+0	28.8376E-9
149.000E+0	28.8227E-9
150.000E+0	28.8543E-9
151.001E+0	28.8314E-9
152.000E+0	28.8750E-9
153.004E+0	28.8456E-9
154.001E+0	28.8975E-9
155.002E+0	28.8555E-9
156.000E+0	28.9121E-9
157.003E+0	28.8594E-9
158.001E+0	28.9312E-9
159.006E+0	28.8685E-9
160.001E+0	28.9686E-9
161.005E+0	28.8905E-9
162.003E+0	28.9833E-9
163.006E+0	28.8964E-9
164.000E+0	29.0091E-9
165.006E+0	28.9052E-9
165.999E+0	29.0197E-9
167.006E+0	28.9063E-9
168.000E+0	29.0236E-9
169.005E+0	28.9317E-9
170.000E+0	29.0461E-9
171.005E+0	28.9425E-9
172.000E+0	29.0570E-9
173.006E+0	28.9564E-9
174.000E+0	29.0699E-9
175.005E+0	28.9686E-9
176.000E+0	29.0829E-9
177.005E+0	28.9787E-9
178.000E+0	29.0969E-9
179.006E+0	28.9897E-9
180.000E+0	29.1098E-9
181.006E+0	29.0008E-9
182.000E+0	29.1207E-9
183.001E+0	29.0104E-9
184.000E+0	29.1271E-9
185.002E+0	29.0236E-9
186.000E+0	29.1392E-9
187.002E+0	29.0299E-9
188.000E+0	29.1469E-9
189.003E+0	29.0356E-9
190.000E+0	29.1591E-9
191.002E+0	29.0413E-9
192.000E+0	29.1576E-9
193.001E+0	29.0394E-9
194.000E+0	29.1648E-9
195.001E+0	29.0484E-9
196.000E+0	29.1734E-9
197.001E+0	29.0622E-9
198.000E+0	29.1870E-9
199.001E+0	29.0752E-9
200.000E+0	29.1950E-9
201.001E+0	29.0882E-9
202.000E+0	29.2000E-9
203.001E+0	29.1004E-9
204.000E+0	29.2124E-9
205.001E+0	29.1189E-9
206.000E+0	29.2095E-9
207.001E+0	29.1284E-9
208.000E+0	29.2223E-9
209.002E+0	29.1359E-9
210.000E+0	29.2191E-9
211.001E+0	29.1377E-9
212.000E+0	29.2244E-9
213.002E+0	29.1453E-9
214.000E+0	29.2329E-9
215.001E+0	29.1618E-9
216.000E+0	29.2345E-9
217.001E+0	29.1529E-9
217.999E+0	29.2335E-9
219.001E+0	29.1681E-9
220.000E+0	29.2499E-9
221.000E+0	29.1795E-9
222.000E+0	29.2469E-9
223.000E+0	29.1893E-9
224.000E+0	29.2528E-9
225.000E+0	29.2089E-9
226.000E+0	29.2708E-9
227.000E+0	29.2141E-9
228.000E+0	29.2677E-9
229.000E+0	29.2118E-9
230.000E+0	29.2759E-9
231.000E+0	29.2209E-9
232.000E+0	29.2884E-9
233.000E+0	29.2461E-9
234.000E+0	29.3026E-9
235.000E+0	29.2579E-9
235.999E+0	29.3138E-9
237.001E+0	29.2748E-9
238.001E+0	29.3254E-9
239.001E+0	29.2883E-9
240.000E+0	29.3344E-9
241.002E+0	29.3016E-9
242.004E+0	29.3492E-9
243.003E+0	29.3096E-9
244.000E+0	29.3601E-9
245.006E+0	29.3224E-9
246.001E+0	29.3677E-9
247.005E+0	29.3280E-9
248.004E+0	29.3825E-9
249.004E+0	29.3296E-9
250.003E+0	29.3956E-9
251.008E+0	29.3459E-9
252.000E+0	29.3971E-9
253.005E+0	29.3571E-9
254.000E+0	29.4046E-9
255.006E+0	29.3713E-9
256.000E+0	29.4132E-9
257.007E+0	29.3871E-9
258.000E+0	29.4206E-9
259.019E+0	29.4075E-9
260.012E+0	29.4318E-9
261.009E+0	29.4169E-9
262.000E+0	29.4320E-9
263.008E+0	29.4274E-9
264.000E+0	29.4273E-9
265.009E+0	29.4344E-9
266.000E+0	29.4397E-9
267.003E+0	29.4474E-9
268.000E+0	29.4461E-9
269.006E+0	29.4511E-9
270.000E+0	29.4518E-9
271.000E+0	29.4529E-9
272.000E+0	29.4518E-9
273.000E+0	29.4564E-9
274.000E+0	29.4471E-9
275.003E+0	29.4511E-9
276.000E+0	29.4534E-9
277.003E+0	29.4553E-9
278.000E+0	29.4599E-9
279.001E+0	29.4573E-9
280.000E+0	29.4650E-9
281.001E+0	29.4551E-9
282.000E+0	29.4812E-9
283.002E+0	29.4574E-9
284.000E+0	29.4832E-9
285.002E+0	29.4624E-9
286.000E+0	29.4829E-9
287.002E+0	29.4614E-9
287.999E+0	29.4968E-9
289.002E+0	29.4549E-9
290.000E+0	29.4737E-9
291.002E+0	29.4513E-9
292.000E+0	29.4727E-9
293.002E+0	29.4604E-9
294.000E+0	29.4784E-9
295.002E+0	29.4582E-9
296.000E+0	29.4764E-9
297.002E+0	29.4495E-9
298.000E+0	29.4738E-9
299.002E+0	29.4446E-9
300.000E+0	29.4759E-9
301.002E+0	29.4391E-9
302.000E+0	29.4723E-9
303.002E+0	29.4324E-9
304.000E+0	29.4708E-9
305.002E+0	29.4275E-9
306.000E+0	29.4689E-9
307.001E+0	29.4256E-9
308.000E+0	29.4634E-9
309.002E+0	29.4212E-9
310.000E+0	29.4577E-9
311.000E+0	29.4193E-9
312.000E+0	29.4592E-9
313.000E+0	29.4182E-9
314.000E+0	29.4573E-9
315.000E+0	29.4257E-9
316.000E+0	29.4606E-9
317.000E+0	29.4221E-9
318.000E+0	29.4570E-9
319.000E+0	29.4172E-9
320.000E+0	29.4600E-9
321.000E+0	29.4182E-9
322.000E+0	29.4564E-9
322.999E+0	29.4220E-9
324.000E+0	29.4579E-9
325.002E+0	29.4279E-9
326.000E+0	29.4584E-9
327.002E+0	29.4294E-9
328.000E+0	29.4597E-9
329.004E+0	29.4341E-9
330.000E+0	29.4673E-9
331.003E+0	29.4360E-9
332.002E+0	29.4744E-9
333.005E+0	29.4427E-9
334.001E+0	29.4782E-9
335.006E+0	29.4466E-9
336.002E+0	29.4821E-9
337.006E+0	29.4468E-9
338.003E+0	29.4865E-9
339.005E+0	29.4506E-9
340.000E+0	29.4945E-9
341.005E+0	29.4412E-9
342.000E+0	29.4979E-9
343.005E+0	29.4394E-9
344.000E+0	29.5080E-9
345.006E+0	29.4431E-9
346.000E+0	29.5094E-9
347.007E+0	29.4394E-9
348.000E+0	29.5200E-9
349.006E+0	29.4399E-9
350.000E+0	29.5255E-9
351.006E+0	29.4410E-9
352.000E+0	29.5382E-9
353.005E+0	29.4506E-9
354.000E+0	29.5423E-9
355.005E+0	29.4544E-9
356.000E+0	29.5461E-9
357.002E+0	29.4594E-9
357.999E+0	29.5493E-9
359.002E+0	29.4568E-9
360.000E+0	29.5517E-9
361.002E+0	29.4551E-9
362.000E+0	29.5542E-9
363.002E+0	29.4524E-9
364.000E+0	29.5542E-9
365.002E+0	29.4523E-9
366.000E+0	29.5543E-9
367.002E+0	29.4509E-9
368.000E+0	29.5573E-9
369.002E+0	29.4514E-9
370.000E+0	29.5564E-9
371.001E+0	29.4536E-9
372.000E+0	29.5564E-9
373.001E+0	29.4556E-9
374.000E+0	29.5542E-9
375.002E+0	29.4564E-9
376.000E+0	29.5488E-9
377.002E+0	29.4576E-9
378.000E+0	29.5425E-9
379.002E+0	29.4573E-9
380.000E+0	29.5357E-9
381.002E+0	29.4594E-9
382.000E+0	29.5327E-9
383.002E+0	29.4599E-9
384.000E+0	29.5305E-9
385.001E+0	29.4638E-9
386.000E+0	29.5278E-9
387.002E+0	29.4678E-9
388.000E+0	29.5216E-9
389.002E+0	29.4716E-9
390.000E+0	29.5140E-9
391.002E+0	29.4780E-9
392.000E+0	29.5037E-9
393.001E+0	29.4788E-9
394.003E+0	29.4945E-9
395.004E+0	29.4864E-9
396.000E+0	29.4888E-9
397.006E+0	29.4851E-9
398.000E+0	29.4715E-9
399.000E+0	29.4847E-9
400.000E+0	29.4603E-9
401.000E+0	29.4862E-9
402.000E+0	29.4520E-9
403.000E+0	29.4932E-9
404.000E+0	29.4431E-9
405.000E+0	29.4917E-9
406.000E+0	29.4364E-9
407.000E+0	29.4925E-9
408.000E+0	29.4323E-9
409.000E+0	29.4925E-9
410.000E+0	29.4315E-9
411.001E+0	29.4951E-9
412.001E+0	29.4318E-9
413.000E+0	29.4959E-9
414.001E+0	29.4266E-9
415.001E+0	29.5035E-9
416.000E+0	29.4282E-9
417.001E+0	29.5013E-9
418.002E+0	29.4258E-9
419.001E+0	29.5008E-9
420.003E+0	29.4288E-9
421.000E+0	29.5036E-9
422.000E+0	29.4252E-9
423.000E+0	29.4987E-9
424.000E+0	29.4297E-9
425.000E+0	29.5003E-9
426.000E+0	29.4335E-9
427.000E+0	29.4950E-9
427.999E+0	29.4329E-9
429.000E+0	29.4972E-9
430.000E+0	29.4302E-9
431.000E+0	29.4981E-9
432.000E+0	29.4285E-9
433.000E+0	29.5015E-9
434.000E+0	29.4265E-9
435.000E+0	29.5117E-9
436.002E+0	29.4290E-9
437.000E+0	29.5185E-9
438.000E+0	29.4263E-9
439.000E+0	29.5204E-9
440.000E+0	29.4197E-9
441.000E+0	29.5159E-9
442.000E+0	29.4215E-9
443.000E+0	29.5230E-9
444.000E+0	29.4174E-9
445.000E+0	29.5238E-9
446.000E+0	29.4147E-9
447.000E+0	29.5225E-9
448.000E+0	29.4158E-9
449.000E+0	29.5211E-9
450.000E+0	29.4147E-9
451.000E+0	29.5151E-9
452.000E+0	29.4083E-9
453.000E+0	29.5102E-9
454.000E+0	29.4014E-9
455.000E+0	29.5034E-9
456.000E+0	29.3963E-9
457.000E+0	29.4941E-9
458.000E+0	29.3873E-9
459.000E+0	29.4853E-9
460.000E+0	29.3864E-9
461.000E+0	29.4772E-9
462.000E+0	29.3838E-9
462.999E+0	29.4722E-9
464.000E+0	29.3835E-9
465.000E+0	29.4562E-9
466.000E+0	29.3773E-9
467.000E+0	29.4446E-9
468.000E+0	29.3788E-9
469.000E+0	29.4376E-9
470.000E+0	29.3762E-9
471.000E+0	29.4249E-9
472.000E+0	29.3767E-9
473.000E+0	29.4165E-9
474.000E+0	29.3658E-9
475.000E+0	29.4072E-9
476.000E+0	29.3633E-9
477.000E+0	29.4081E-9
478.000E+0	29.3551E-9
479.000E+0	29.3982E-9
480.000E+0	29.3494E-9
481.000E+0	29.3841E-9
482.000E+0	29.3456E-9
483.000E+0	29.3786E-9
484.000E+0	29.3383E-9
485.000E+0	29.3696E-9
486.000E+0	29.3304E-9
487.000E+0	29.3597E-9
488.000E+0	29.3246E-9
489.000E+0	29.3422E-9
490.000E+0	29.3164E-9
491.000E+0	29.3303E-9
492.000E+0	29.3114E-9
493.000E+0	29.3167E-9
494.000E+0	29.3069E-9
495.000E+0	29.3061E-9
496.002E+0	29.3036E-9
497.000E+0	29.2988E-9
498.001E+0	29.3032E-9
499.000E+0	29.2908E-9
500.000E+0	29.2966E-9
501.002E+0	29.2877E-9
502.002E+0	29.2907E-9
503.001E+0	29.2846E-9
504.003E+0	29.2871E-9
505.004E+0	29.2811E-9
506.003E+0	29.2794E-9
507.000E+0	29.2795E-9
508.003E+0	29.2772E-9
509.000E+0	29.2814E-9
510.000E+0	29.2696E-9
511.000E+0	29.2795E-9
512.000E+0	29.2657E-9
513.000E+0	29.2720E-9
514.000E+0	29.2589E-9
515.000E+0	29.2646E-9
516.000E+0	29.2504E-9
517.000E+0	29.2515E-9
518.000E+0	29.2469E-9
519.000E+0	29.2431E-9
520.000E+0	29.2434E-9
521.000E+0	29.2378E-9
522.000E+0	29.2378E-9
523.000E+0	29.2344E-9
524.000E+0	29.2329E-9
525.003E+0	29.2329E-9
526.000E+0	29.2359E-9
527.000E+0	29.2057E-9
528.002E+0	29.2541E-9
529.000E+0	29.2344E-9
530.002E+0	29.1899E-9
531.000E+0	29.2100E-9
532.000E+0	29.2396E-9
533.000E+0	29.2219E-9
534.000E+0	29.1771E-9
535.002E+0	29.2013E-9
536.000E+0	29.2166E-9
537.000E+0	29.2047E-9
538.000E+0	29.1664E-9
539.000E+0	29.1974E-9
540.001E+0	29.1993E-9
541.000E+0	29.1735E-9
542.002E+0	29.1467E-9
543.000E+0	29.1844E-9
544.000E+0	29.1917E-9
545.000E+0	29.1473E-9
546.000E+0	29.1280E-9
547.002E+0	29.1690E-9
548.000E+0	29.1697E-9
549.000E+0	29.1330E-9
549.999E+0	29.1122E-9
551.000E+0	29.1460E-9
552.001E+0	29.1510E-9
553.000E+0	29.1204E-9
554.001E+0	29.1040E-9
555.000E+0	29.1102E-9
556.000E+0	29.1378E-9
557.001E+0	29.1353E-9
558.000E+0	29.1083E-9
559.002E+0	29.0878E-9
560.000E+0	29.1168E-9
561.000E+0	29.1275E-9
562.001E+0	29.1058E-9
563.000E+0	29.0843E-9
564.000E+0	29.1015E-9
565.000E+0	29.1250E-9
566.000E+0	29.1157E-9
567.000E+0	29.0896E-9
568.000E+0	29.0809E-9
569.000E+0	29.0725E-9
570.000E+0	29.0991E-9
571.000E+0	29.0874E-9
572.000E+0	29.0791E-9
573.000E+0	29.0741E-9
574.000E+0	29.0898E-9
575.000E+0	29.0903E-9
576.000E+0	29.0794E-9
577.000E+0	29.0618E-9
578.000E+0	29.0714E-9
579.000E+0	29.0812E-9
580.000E+0	29.0503E-9
581.000E+0	29.0441E-9
582.001E+0	29.0476E-9
583.000E+0	29.0721E-9
584.001E+0	29.0707E-9
584.999E+0	29.0392E-9
586.002E+0	29.0177E-9
587.003E+0	29.0354E-9
588.000E+0	29.0497E-9
589.003E+0	29.0386E-9
590.000E+0	29.0027E-9
591.000E+0	29.0169E-9
592.000E+0	29.0382E-9
593.000E+0	29.0386E-9
594.000E+0	29.0023E-9
595.000E+0	28.9927E-9
596.000E+0	28.9978E-9
597.000E+0	29.0246E-9
598.001E+0	29.0068E-9
599.000E+0	28.9721E-9
600.000E+0	28.9778E-9
601.000E+0	29.0008E-9
602.000E+0	29.0066E-9
603.000E+0	28.9696E-9
604.000E+0	28.9660E-9
605.000E+0	28.9622E-9
606.000E+0	28.9947E-9
607.000E+0	28.9772E-9
608.000E+0	28.9557E-9
609.000E+0	28.9433E-9
610.000E+0	28.9755E-9
611.000E+0	28.9787E-9
612.000E+0	28.9616E-9
613.000E+0	28.9250E-9
614.000E+0	28.9319E-9
615.000E+0	28.9613E-9
616.000E+0	28.9502E-9
617.000E+0	28.9173E-9
618.000E+0	28.9049E-9
619.000E+0	28.9422E-9
619.999E+0	28.9385E-9
621.000E+0	28.9374E-9
622.000E+0	28.8958E-9
623.000E+0	28.8997E-9
624.000E+0	28.9293E-9
625.000E+0	28.9323E-9
626.000E+0	28.8934E-9
627.000E+0	28.8796E-9
628.000E+0	28.9134E-9
629.000E+0	28.9175E-9
630.000E+0	28.9082E-9
631.000E+0	28.8612E-9
632.000E+0	28.8513E-9
633.000E+0	28.8896E-9
634.000E+0	28.9036E-9
635.000E+0	28.8709E-9
636.000E+0	28.8359E-9
637.000E+0	28.8651E-9
638.000E+0	28.8956E-9
639.000E+0	28.8745E-9
640.000E+0	28.8284E-9
641.000E+0	28.8293E-9
642.000E+0	28.8663E-9
643.000E+0	28.8811E-9
644.000E+0	28.8558E-9
645.000E+0	28.8185E-9
646.000E+0	28.8260E-9
647.000E+0	28.8643E-9
648.000E+0	28.8525E-9
649.000E+0	28.8091E-9
650.000E+0	28.8185E-9
651.000E+0	28.8316E-9
652.000E+0	28.8567E-9
653.000E+0	28.8232E-9
654.000E+0	28.8013E-9
654.999E+0	28.7852E-9
656.000E+0	28.8181E-9
657.000E+0	28.8146E-9
658.000E+0	28.7829E-9
659.000E+0	28.7743E-9
660.000E+0	28.7883E-9
661.000E+0	28.8158E-9
662.000E+0	28.7831E-9
663.000E+0	28.7597E-9
664.002E+0	28.7518E-9
665.002E+0	28.7810E-9
666.001E+0	28.7733E-9
667.000E+0	28.7477E-9
668.000E+0	28.7505E-9
669.000E+0	28.7439E-9
670.000E+0	28.7606E-9
671.002E+0	28.7517E-9
672.001E+0	28.7267E-9
673.005E+0	28.7262E-9
674.000E+0	28.7316E-9
675.006E+0	28.7394E-9
676.000E+0	28.7085E-9
677.000E+0	28.7156E-9
678.000E+0	28.6972E-9
679.000E+0	28.7324E-9
680.000E+0	28.7277E-9
681.000E+0	28.6984E-9
682.000E+0	28.6925E-9
683.011E+0	28.6906E-9
684.000E+0	28.7188E-9
685.000E+0	28.6854E-9
686.000E+0	28.6772E-9
687.003E+0	28.6741E-9
688.000E+0	28.7039E-9
689.000E+0	28.7043E-9
689.999E+0	28.6582E-9
691.000E+0	28.6616E-9
692.000E+0	28.6526E-9
693.000E+0	28.6984E-9
694.000E+0	28.6670E-9
695.000E+0	28.6429E-9
696.000E+0	28.6434E-9
697.000E+0	28.6733E-9
698.000E+0	28.6868E-9
699.000E+0	28.6203E-9
700.000E+0	28.6251E-9
701.000E+0	28.6118E-9
702.000E+0	28.6727E-9
703.000E+0	28.6474E-9
704.000E+0	28.6058E-9
705.000E+0	28.5986E-9
706.000E+0	28.6321E-9
707.000E+0	28.6580E-9
708.000E+0	28.5800E-9
709.000E+0	28.5811E-9
710.000E+0	28.5685E-9
711.000E+0	28.6423E-9
712.000E+0	28.6223E-9
713.000E+0	28.5579E-9
714.000E+0	28.5574E-9
715.000E+0	28.5841E-9
716.000E+0	28.6294E-9
717.000E+0	28.5594E-9
718.000E+0	28.5394E-9
719.000E+0	28.5255E-9
720.000E+0	28.6008E-9
721.000E+0	28.5964E-9
722.000E+0	28.5047E-9
723.000E+0	28.5055E-9
724.000E+0	28.5241E-9
724.999E+0	28.5926E-9
726.000E+0	28.5312E-9
727.000E+0	28.4853E-9
728.000E+0	28.4704E-9
729.000E+0	28.5469E-9
730.000E+0	28.5682E-9
731.000E+0	28.4710E-9
732.000E+0	28.4554E-9
733.000E+0	28.4797E-9
734.000E+0	28.5574E-9
735.000E+0	28.5009E-9
736.000E+0	28.4335E-9
737.000E+0	28.4288E-9
738.000E+0	28.4899E-9
739.000E+0	28.5385E-9
740.004E+0	28.4529E-9
741.000E+0	28.4150E-9
742.000E+0	28.4298E-9
743.000E+0	28.5099E-9
744.000E+0	28.4785E-9
745.000E+0	28.3979E-9
746.000E+0	28.3930E-9
747.000E+0	28.4438E-9
748.000E+0	28.5097E-9
749.000E+0	28.4310E-9
750.000E+0	28.3758E-9
751.000E+0	28.3801E-9
752.000E+0	28.4531E-9
753.000E+0	28.4452E-9
754.001E+0	28.3670E-9
755.000E+0	28.3497E-9
756.011E+0	28.3982E-9
757.001E+0	28.4614E-9
758.000E+0	28.3883E-9
759.002E+0	28.3208E-9
760.002E+0	28.3284E-9
761.000E+0	28.3862E-9
762.003E+0	28.4044E-9
763.000E+0	28.3341E-9
764.000E+0	28.2976E-9
765.000E+0	28.3406E-9
766.000E+0	28.4023E-9
767.000E+0	28.3480E-9
768.000E+0	28.2843E-9
769.000E+0	28.2821E-9
770.000E+0	28.3360E-9
771.000E+0	28.3694E-9
772.000E+0	28.3115E-9
773.000E+0	28.2621E-9
774.000E+0	28.2985E-9
775.000E+0	28.3306E-9
776.000E+0	28.3011E-9
777.000E+0	28.2506E-9
778.000E+0	28.2255E-9
779.000E+0	28.2907E-9
780.000E+0	28.3199E-9
781.000E+0	28.2717E-9
782.000E+0	28.2010E-9
783.000E+0	28.2446E-9
784.000E+0	28.2631E-9
785.000E+0	28.2535E-9
786.000E+0	28.2220E-9
787.000E+0	28.1762E-9
788.000E+0	28.2428E-9
789.000E+0	28.2619E-9
790.000E+0	28.2328E-9
791.000E+0	28.1592E-9
792.000E+0	28.1851E-9
793.000E+0	28.2149E-9
794.000E+0	28.2187E-9
794.999E+0	28.1913E-9
796.000E+0	28.1306E-9
797.000E+0	28.1947E-9
798.000E+0	28.2068E-9
799.000E+0	28.1868E-9
800.000E+0	28.1232E-9
801.000E+0	28.1269E-9
802.000E+0	28.1713E-9
803.000E+0	28.1760E-9
804.000E+0	28.1580E-9
805.000E+0	28.0750E-9
806.000E+0	28.1447E-9
807.000E+0	28.1552E-9
808.000E+0	28.1473E-9
809.000E+0	28.1070E-9
810.000E+0	28.0880E-9
811.000E+0	28.1201E-9
812.000E+0	28.1132E-9
813.003E+0	28.1075E-9
814.000E+0	28.0381E-9
815.000E+0	28.0892E-9
816.000E+0	28.0907E-9
817.000E+0	28.0937E-9
818.000E+0	28.0734E-9
819.000E+0	28.0324E-9
820.000E+0	28.0740E-9
821.000E+0	28.0479E-9
822.000E+0	28.0653E-9
823.000E+0	28.0125E-9
824.000E+0	28.0507E-9
825.000E+0	28.0486E-9
826.000E+0	28.0372E-9
827.000E+0	28.0376E-9
828.000E+0	27.9808E-9
829.000E+0	28.0284E-9
829.999E+0	27.9896E-9
831.000E+0	28.0161E-9
832.000E+0	27.9928E-9
833.000E+0	28.0033E-9
834.000E+0	27.9956E-9
835.000E+0	27.9663E-9
836.001E+0	27.9884E-9
837.000E+0	27.9336E-9
838.000E+0	27.9764E-9
839.000E+0	27.9377E-9
840.001E+0	27.9597E-9
841.000E+0	27.9540E-9
842.004E+0	27.9327E-9
843.000E+0	27.9399E-9
844.000E+0	27.8821E-9
845.003E+0	27.9249E-9
846.000E+0	27.8880E-9
847.008E+0	27.9185E-9
848.005E+0	27.8815E-9
849.000E+0	27.8892E-9
850.000E+0	27.9040E-9
851.000E+0	27.8746E-9
852.000E+0	27.8925E-9
853.000E+0	27.8268E-9
854.000E+0	27.8808E-9
855.000E+0	27.8544E-9
856.000E+0	27.8734E-9
857.000E+0	27.8529E-9
858.000E+0	27.8291E-9
859.000E+0	27.8546E-9
860.000E+0	27.8270E-9
861.000E+0	27.8479E-9
862.000E+0	27.7856E-9
863.000E+0	27.8386E-9
864.000E+0	27.8120E-9
865.001E+0	27.8096E-9
866.000E+0	27.8171E-9
867.000E+0	27.7704E-9
868.000E+0	27.8089E-9
869.000E+0	27.7873E-9
870.000E+0	27.7990E-9
871.000E+0	27.7502E-9
872.000E+0	27.7866E-9
873.000E+0	27.7692E-9
874.000E+0	27.7663E-9
875.000E+0	27.7731E-9
876.000E+0	27.7123E-9
877.000E+0	27.7612E-9
878.000E+0	27.7573E-9
879.004E+0	27.7499E-9
880.000E+0	27.7077E-9
881.000E+0	27.7492E-9
882.000E+0	27.7324E-9
883.000E+0	27.7339E-9
884.000E+0	27.7251E-9
885.000E+0	27.7213E-9
886.000E+0	27.7139E-9
887.000E+0	27.7150E-9
888.000E+0	27.7012E-9
889.000E+0	27.6688E-9
890.000E+0	27.6607E-9
891.000E+0	27.6804E-9
892.000E+0	27.7002E-9
893.000E+0	27.6759E-9
894.000E+0	27.6160E-9
895.000E+0	27.6568E-9
896.000E+0	27.6727E-9
897.000E+0	27.6623E-9
898.000E+0	27.6185E-9
899.000E+0	27.5839E-9
899.999E+0	27.6451E-9
901.000E+0	27.6485E-9
902.000E+0	27.6171E-9
903.000E+0	27.5642E-9
904.000E+0	27.6127E-9
905.000E+0	27.6293E-9
906.000E+0	27.6048E-9
907.000E+0	27.5714E-9
908.000E+0	27.5678E-9
909.000E+0	27.5853E-9
910.000E+0	27.5964E-9
911.000E+0	27.5784E-9
912.000E+0	27.5138E-9
913.003E+0	27.5669E-9
914.000E+0	27.5700E-9
915.000E+0	27.5567E-9
916.000E+0	27.5364E-9
917.000E+0	27.5034E-9
918.000E+0	27.5396E-9
919.000E+0	27.5410E-9
920.000E+0	27.5234E-9
921.000E+0	27.4611E-9
922.001E+0	27.5106E-9
923.001E+0	27.4995E-9
924.001E+0	27.4928E-9
925.000E+0	27.4935E-9
926.000E+0	27.4357E-9
927.000E+0	27.4797E-9
928.000E+0	27.4659E-9
929.007E+0	27.4668E-9
930.000E+0	27.4161E-9
931.001E+0	27.4470E-9
932.002E+0	27.4346E-9
933.001E+0	27.4205E-9
934.003E+0	27.4375E-9
934.999E+0	27.4126E-9
936.000E+0	27.4188E-9
937.000E+0	27.3936E-9
938.000E+0	27.4013E-9
939.000E+0	27.3616E-9
940.000E+0	27.3669E-9
941.000E+0	27.3790E-9
942.000E+0	27.3348E-9
943.000E+0	27.3753E-9
944.000E+0	27.3134E-9
945.000E+0	27.3664E-9
946.000E+0	27.3445E-9
947.000E+0	27.3517E-9
948.000E+0	27.3480E-9
949.000E+0	27.3036E-9
950.000E+0	27.3388E-9
951.000E+0	27.2955E-9
952.000E+0	27.3143E-9
953.000E+0	27.3231E-9
954.003E+0	27.3125E-9
955.000E+0	27.3108E-9
956.000E+0	27.2496E-9
957.000E+0	27.3007E-9
958.000E+0	27.2641E-9
959.000E+0	27.2918E-9
960.000E+0	27.2644E-9
961.000E+0	27.2575E-9
962.000E+0	27.2672E-9
963.000E+0	27.2201E-9
964.000E+0	27.2539E-9
965.000E+0	27.2052E-9
966.000E+0	27.2448E-9
967.000E+0	27.2176E-9
968.000E+0	27.2350E-9
969.000E+0	27.2166E-9
970.000E+0	27.2023E-9
971.000E+0	27.2202E-9
972.000E+0	27.1652E-9
973.000E+0	27.2103E-9
974.000E+0	27.1745E-9
975.000E+0	27.1887E-9
976.000E+0	27.1838E-9
977.000E+0	27.1766E-9
978.000E+0	27.1707E-9
979.000E+0	27.1530E-9
980.000E+0	27.1667E-9
981.000E+0	27.0995E-9
982.000E+0	27.1534E-9
983.000E+0	27.1422E-9
984.000E+0	27.1461E-9
985.000E+0	27.1267E-9
986.000E+0	27.0712E-9
987.000E+0	27.1238E-9
988.000E+0	27.1294E-9
989.000E+0	27.1249E-9
990.000E+0	27.1152E-9
991.000E+0	27.0672E-9
992.000E+0	27.0580E-9
993.000E+0	27.0913E-9
994.000E+0	27.0970E-9
995.000E+0	27.0827E-9
996.000E+0	27.0662E-9
997.000E+0	27.0012E-9
998.000E+0	27.0233E-9
999.001E+0	27.0487E-9
1.00000E+3	27.0631E-9
1.00100E+3	27.0430E-9
1.00200E+3	26.9970E-9
1.00300E+3	26.9588E-9
1.00400E+3	27.0134E-9
1.00500E+3	27.0221E-9
1.00600E+3	27.0240E-9
1.00700E+3	27.0008E-9
1.00800E+3	26.9357E-9
1.00900E+3	26.9363E-9
1.01000E+3	26.9812E-9
1.01100E+3	27.0083E-9
1.01200E+3	26.9661E-9
1.01300E+3	26.9467E-9
1.01400E+3	26.8881E-9
1.01500E+3	26.9320E-9
1.01600E+3	26.9430E-9
1.01700E+3	26.9856E-9
1.01800E+3	26.9338E-9
1.01900E+3	26.8727E-9
1.02000E+3	26.8595E-9
1.02100E+3	26.9069E-9
1.02200E+3	26.9343E-9
1.02300E+3	26.9213E-9
1.02400E+3	26.8886E-9
1.02500E+3	26.8343E-9
1.02600E+3	26.8491E-9
1.02700E+3	26.8808E-9
1.02800E+3	26.9354E-9
1.02900E+3	26.8768E-9
1.03000E+3	26.8352E-9
1.03100E+3	26.8066E-9
1.03200E+3	26.8266E-9
1.03300E+3	26.8579E-9
1.03400E+3	26.8901E-9
1.03500E+3	26.8254E-9
1.03600E+3	26.7691E-9
1.03700E+3	26.7609E-9
1.03800E+3	26.8073E-9
1.03900E+3	26.8617E-9
1.04000E+3	26.8310E-9
1.04100E+3	26.7669E-9
1.04200E+3	26.7330E-9
1.04300E+3	26.7260E-9
1.04400E+3	26.7887E-9
1.04500E+3	26.8389E-9
1.04600E+3	26.7678E-9
1.04700E+3	26.7013E-9
1.04800E+3	26.6871E-9
1.04900E+3	26.7144E-9
1.05000E+3	26.7739E-9
1.05100E+3	26.7730E-9
1.05200E+3	26.7162E-9
1.05300E+3	26.6649E-9
1.05400E+3	26.6553E-9
1.05500E+3	26.7096E-9
1.05600E+3	26.7540E-9
1.05700E+3	26.7171E-9
1.05800E+3	26.6450E-9
1.05900E+3	26.6325E-9
1.06000E+3	26.6341E-9
1.06100E+3	26.6842E-9
1.06200E+3	26.7029E-9
1.06300E+3	26.6544E-9
1.06400E+3	26.5942E-9
1.06500E+3	26.6003E-9
1.06600E+3	26.6123E-9
1.06700E+3	26.6723E-9
1.06800E+3	26.6665E-9
1.06900E+3	26.5840E-9
1.07000E+3	26.5709E-9
1.07100E+3	26.5637E-9
1.07200E+3	26.5985E-9
1.07300E+3	26.6237E-9
1.07400E+3	26.5962E-9
1.07500E+3	26.5384E-9
1.07600E+3	26.5290E-9
1.07700E+3	26.5257E-9
1.07800E+3	26.5794E-9
1.07900E+3	26.5841E-9
1.08000E+3	26.5207E-9
1.08100E+3	26.5071E-9
1.08200E+3	26.5012E-9
1.08300E+3	26.4973E-9
1.08400E+3	26.5423E-9
1.08500E+3	26.5256E-9
1.08600E+3	26.4713E-9
1.08700E+3	26.4654E-9
1.08800E+3	26.4658E-9
1.08900E+3	26.4915E-9
1.09000E+3	26.5098E-9
1.09100E+3	26.4707E-9
1.09200E+3	26.4401E-9
1.09300E+3	26.4183E-9
1.09400E+3	26.4249E-9
1.09500E+3	26.4563E-9
1.09600E+3	26.4517E-9
1.09700E+3	26.4108E-9
1.09800E+3	26.3857E-9
1.09900E+3	26.3930E-9
1.10000E+3	26.4074E-9
1.10100E+3	26.4345E-9
1.10200E+3	26.4136E-9
1.10300E+3	26.3782E-9
1.10400E+3	26.3617E-9
1.10500E+3	26.3611E-9
1.10600E+3	26.3875E-9
1.10701E+3	26.3911E-9
1.10800E+3	26.3555E-9
1.10900E+3	26.3255E-9
1.11000E+3	26.3148E-9
1.11100E+3	26.3253E-9
1.11200E+3	26.3362E-9
1.11300E+3	26.3283E-9
1.11400E+3	26.3013E-9
1.11500E+3	26.2812E-9
1.11600E+3	26.2683E-9
1.11700E+3	26.2901E-9
1.11800E+3	26.3019E-9
1.11900E+3	26.2787E-9
1.12000E+3	26.2373E-9
1.12100E+3	26.2272E-9
1.12200E+3	26.2344E-9
1.12300E+3	26.2461E-9
1.12400E+3	26.2449E-9
1.12500E+3	26.2252E-9
1.12600E+3	26.1909E-9
1.12700E+3	26.1847E-9
1.12800E+3	26.2038E-9
1.12900E+3	26.2134E-9
1.13000E+3	26.2021E-9
1.13100E+3	26.1704E-9
1.13200E+3	26.1462E-9
1.13300E+3	26.1380E-9
1.13400E+3	26.1759E-9
1.13500E+3	26.1744E-9
1.13600E+3	26.1651E-9
1.13700E+3	26.1182E-9
1.13800E+3	26.1207E-9
1.13900E+3	26.1340E-9
1.14000E+3	26.1415E-9
1.14100E+3	26.1395E-9
1.14200E+3	26.1222E-9
1.14300E+3	26.0889E-9
1.14400E+3	26.0791E-9
1.14500E+3	26.1056E-9
1.14600E+3	26.1020E-9
1.14700E+3	26.0905E-9
1.14800E+3	26.0685E-9
1.14900E+3	26.0654E-9
1.15000E+3	26.0573E-9
1.15100E+3	26.0674E-9
1.15200E+3	26.0578E-9
1.15300E+3	26.0535E-9
1.15400E+3	26.0335E-9
1.15500E+3	26.0230E-9
1.15600E+3	26.0196E-9
1.15700E+3	26.0189E-9
1.15800E+3	26.0225E-9
1.15900E+3	25.9946E-9
1.16000E+3	25.9920E-9
1.16100E+3	25.9962E-9
1.16200E+3	25.9857E-9
1.16300E+3	25.9778E-9
1.16400E+3	25.9809E-9
1.16500E+3	25.9791E-9
1.16600E+3	25.9732E-9
1.16700E+3	25.9607E-9
1.16800E+3	25.9655E-9
1.16900E+3	25.9493E-9
1.17000E+3	25.9347E-9
1.17100E+3	25.9469E-9
1.17200E+3	25.9398E-9
1.17300E+3	25.9139E-9
1.17400E+3	25.9198E-9
1.17500E+3	25.9318E-9
1.17600E+3	25.9121E-9
1.17700E+3	25.9125E-9
1.17800E+3	25.9218E-9
1.17900E+3	25.8976E-9
1.18000E+3	25.8907E-9
1.18100E+3	25.8713E-9
1.18200E+3	25.9004E-9
1.18300E+3	25.8921E-9
1.18400E+3	25.8735E-9
1.18500E+3	25.8632E-9
1.18600E+3	25.8600E-9
1.18700E+3	25.8470E-9
1.18800E+3	25.8703E-9
1.18900E+3	25.8668E-9
1.19000E+3	25.8274E-9
1.19100E+3	25.8320E-9
1.19200E+3	25.8176E-9
1.19300E+3	25.8371E-9
1.19400E+3	25.8323E-9
1.19500E+3	25.8237E-9
1.19600E+3	25.7893E-9
1.19700E+3	25.7958E-9
1.19800E+3	25.7822E-9
1.19900E+3	25.8223E-9
1.20000E+3	25.8098E-9
1.20100E+3	25.7816E-9
1.20200E+3	25.7671E-9
1.20300E+3	25.7575E-9
1.20400E+3	25.7656E-9
1.20500E+3	25.7722E-9
1.20600E+3	25.7623E-9
1.20700E+3	25.7242E-9
1.20800E+3	25.7351E-9
1.20900E+3	25.7080E-9
1.21000E+3	25.7255E-9
1.21100E+3	25.7318E-9
1.21200E+3	25.7058E-9
1.21300E+3	25.6826E-9
1.21400E+3	25.6853E-9
1.21500E+3	25.6895E-9
1.21600E+3	25.7037E-9
1.21700E+3	25.6755E-9
1.21800E+3	25.6493E-9
1.21900E+3	25.6561E-9
1.22000E+3	25.6510E-9
1.22100E+3	25.6684E-9
1.22200E+3	25.6654E-9
1.22300E+3	25.6445E-9
1.22400E+3	25.6309E-9
1.22500E+3	25.6207E-9
1.22600E+3	25.6259E-9
1.22700E+3	25.6369E-9
1.22800E+3	25.6257E-9
1.22900E+3	25.5876E-9
1.23000E+3	25.5967E-9
1.23100E+3	25.5719E-9
1.23200E+3	25.5959E-9
1.23300E+3	25.5952E-9
1.23400E+3	25.5804E-9
1.23500E+3	25.5549E-9
1.23600E+3	25.5628E-9
1.23700E+3	25.5583E-9
1.23800E+3	25.5814E-9
1.23900E+3	25.5752E-9
1.24000E+3	25.5329E-9
1.24100E+3	25.5258E-9
1.24200E+3	25.5074E-9
1.24300E+3	25.5296E-9
1.24400E+3	25.5286E-9
1.24500E+3	25.5218E-9
1.24600E+3	25.4828E-9
1.24700E+3	25.4809E-9
1.24800E+3	25.4719E-9
1.24900E+3	25.5045E-9
1.25000E+3	25.4937E-9
1.25100E+3	25.4721E-9
1.25200E+3	25.4543E-9
1.25300E+3	25.4508E-9
1.25400E+3	25.4448E-9
1.25500E+3	25.4662E-9
1.25600E+3	25.4585E-9
1.25700E+3	25.4143E-9
1.25800E+3	25.4173E-9
1.25900E+3	25.4121E-9
1.26000E+3	25.4247E-9
1.26101E+3	25.4129E-9
1.26200E+3	25.4126E-9
1.26300E+3	25.3887E-9
1.26400E+3	25.3763E-9
1.26500E+3	25.3622E-9
1.26600E+3	25.3915E-9
1.26700E+3	25.3803E-9
1.26800E+3	25.3437E-9
1.26900E+3	25.3496E-9
1.27000E+3	25.3487E-9
1.27100E+3	25.3322E-9
1.27200E+3	25.3367E-9
1.27300E+3	25.3396E-9
1.27400E+3	25.3142E-9
1.27500E+3	25.3167E-9
1.27601E+3	25.3036E-9
1.27700E+3	25.3109E-9
1.27800E+3	25.2923E-9
1.27900E+3	25.2786E-9
1.28000E+3	25.2892E-9
1.28100E+3	25.2666E-9
1.28200E+3	25.2488E-9
1.28300E+3	25.2492E-9
1.28400E+3	25.2429E-9
1.28500E+3	25.2259E-9
1.28600E+3	25.2282E-9
1.28700E+3	25.2321E-9
1.28800E+3	25.2127E-9
1.28900E+3	25.2077E-9
1.29000E+3	25.2089E-9
1.29100E+3	25.1953E-9
1.29200E+3	25.1796E-9
1.29300E+3	25.1815E-9
1.29401E+3	25.1812E-9
1.29500E+3	25.1615E-9
1.29600E+3	25.1530E-9
1.29700E+3	25.1577E-9
1.29800E+3	25.1485E-9
1.29900E+3	25.1387E-9
1.30000E+3	25.1259E-9
1.30100E+3	25.1230E-9
1.30200E+3	25.1257E-9
1.30300E+3	25.1168E-9
1.30400E+3	25.1156E-9
1.30500E+3	25.0977E-9
1.30600E+3	25.0976E-9
1.30700E+3	25.0853E-9
1.30800E+3	25.0951E-9
1.30900E+3	25.0889E-9
1.31000E+3	25.0826E-9
1.31100E+3	25.0570E-9
1.31200E+3	25.0502E-9
1.31300E+3	25.0611E-9
1.31400E+3	25.0599E-9
1.31500E+3	25.0486E-9
1.31600E+3	25.0330E-9
1.31700E+3	25.0162E-9
1.31800E+3	24.9995E-9
1.31900E+3	25.0282E-9
1.32000E+3	25.0144E-9
1.32100E+3	25.0138E-9
1.32200E+3	24.9736E-9
1.32300E+3	24.9745E-9
1.32400E+3	24.9793E-9
1.32500E+3	24.9844E-9
1.32600E+3	24.9930E-9
1.32700E+3	24.9758E-9
1.32800E+3	24.9390E-9
1.32900E+3	24.9334E-9
1.33000E+3	24.9576E-9
1.33100E+3	24.9612E-9
1.33200E+3	24.9434E-9
1.33300E+3	24.9229E-9
1.33400E+3	24.9077E-9
1.33500E+3	24.8998E-9
1.33600E+3	24.9264E-9
1.33700E+3	24.9310E-9
1.33800E+3	24.9098E-9
1.33900E+3	24.8700E-9
1.34000E+3	24.8729E-9
1.34100E+3	24.8807E-9
1.34200E+3	24.8919E-9
1.34300E+3	24.8882E-9
1.34400E+3	24.8646E-9
1.34500E+3	24.8424E-9
1.34600E+3	24.8269E-9
1.34700E+3	24.8472E-9
1.34800E+3	24.8608E-9
1.34900E+3	24.8477E-9
1.35000E+3	24.8200E-9
1.35100E+3	24.8037E-9
1.35200E+3	24.8078E-9
1.35300E+3	24.8278E-9
1.35400E+3	24.8287E-9
1.35500E+3	24.8027E-9
1.35600E+3	24.7784E-9
1.35701E+3	24.7690E-9
1.35800E+3	24.7897E-9
1.35900E+3	24.8018E-9
1.36001E+3	24.8012E-9
1.36100E+3	24.7623E-9
1.36201E+3	24.7460E-9
1.36300E+3	24.7483E-9
1.36400E+3	24.7705E-9
1.36500E+3	24.7870E-9
1.36600E+3	24.7665E-9
1.36700E+3	24.7294E-9
1.36800E+3	24.7180E-9
1.36900E+3	24.7238E-9
1.37000E+3	24.7542E-9
1.37100E+3	24.7472E-9
1.37200E+3	24.7149E-9
1.37300E+3	24.6825E-9
1.37400E+3	24.6779E-9
1.37500E+3	24.6936E-9
1.37601E+3	24.7229E-9
1.37700E+3	24.7226E-9
1.37800E+3	24.6716E-9
1.37900E+3	24.6570E-9
1.38000E+3	24.6585E-9
1.38100E+3	24.6925E-9
1.38200E+3	24.7035E-9
1.38301E+3	24.6663E-9
1.38400E+3	24.6324E-9
1.38500E+3	24.6096E-9
1.38600E+3	24.6207E-9
1.38700E+3	24.6682E-9
1.38800E+3	24.6637E-9
1.38900E+3	24.6020E-9
1.39000E+3	24.5770E-9
1.39100E+3	24.5809E-9
1.39200E+3	24.6056E-9
1.39300E+3	24.6323E-9
1.39400E+3	24.6111E-9
1.39500E+3	24.5502E-9
1.39600E+3	24.5305E-9
1.39700E+3	24.5384E-9
1.39800E+3	24.5928E-9
1.39900E+3	24.6087E-9
1.40000E+3	24.5513E-9
1.40100E+3	24.5122E-9
1.40200E+3	24.4960E-9
1.40300E+3	24.4978E-9
1.40400E+3	24.5680E-9
1.40500E+3	24.5566E-9
1.40600E+3	24.4721E-9
1.40700E+3	24.4542E-9
1.40800E+3	24.4562E-9
1.40900E+3	24.5009E-9
1.41000E+3	24.5310E-9
1.41100E+3	24.4884E-9
1.41200E+3	24.4297E-9
1.41300E+3	24.4158E-9
1.41400E+3	24.4231E-9
1.41500E+3	24.4905E-9
1.41600E+3	24.4950E-9
1.41700E+3	24.4343E-9
1.41800E+3	24.3896E-9
1.41900E+3	24.3813E-9
1.42000E+3	24.4212E-9
1.42100E+3	24.4653E-9
1.42200E+3	24.4385E-9
1.42300E+3	24.3669E-9
1.42400E+3	24.3399E-9
1.42500E+3	24.3399E-9
1.42600E+3	24.3934E-9
1.42700E+3	24.4322E-9
1.42800E+3	24.3747E-9
1.42900E+3	24.3119E-9
1.43000E+3	24.3043E-9
1.43100E+3	24.3311E-9
1.43200E+3	24.3759E-9
1.43300E+3	24.3703E-9
1.43400E+3	24.3182E-9
1.43500E+3	24.2589E-9
1.43600E+3	24.2648E-9
1.43700E+3	24.3117E-9
1.43800E+3	24.3636E-9
1.43900E+3	24.3120E-9
1.44000E+3	24.2561E-9
1.44100E+3	24.2431E-9
1.44200E+3	24.2489E-9
1.44300E+3	24.2884E-9
1.44400E+3	24.3258E-9
1.44500E+3	24.2606E-9
1.44600E+3	24.2023E-9
1.44700E+3	24.1844E-9
1.44800E+3	24.2311E-9
1.44901E+3	24.2742E-9
1.45000E+3	24.2466E-9
1.45100E+3	24.2079E-9
1.45200E+3	24.1573E-9
1.45300E+3	24.1689E-9
1.45400E+3	24.2031E-9
1.45500E+3	24.2582E-9
1.45600E+3	24.1906E-9
1.45700E+3	24.1496E-9
1.45800E+3	24.1214E-9
1.45900E+3	24.1599E-9
1.46000E+3	24.1720E-9
1.46100E+3	24.1981E-9
1.46200E+3	24.1451E-9
1.46300E+3	24.0934E-9
1.46400E+3	24.0888E-9
1.46500E+3	24.1264E-9
1.46600E+3	24.1653E-9
1.46700E+3	24.1168E-9
1.46800E+3	24.1013E-9
1.46900E+3	24.0430E-9
1.47000E+3	24.0818E-9
1.47100E+3	24.0849E-9
1.47200E+3	24.1247E-9
1.47300E+3	24.0752E-9
1.47400E+3	24.0307E-9
1.47500E+3	24.0025E-9
1.47600E+3	24.0489E-9
1.47700E+3	24.0619E-9
1.47800E+3	24.0616E-9
1.47900E+3	24.0354E-9
1.48000E+3	23.9746E-9
1.48100E+3	23.9841E-9
1.48200E+3	24.0224E-9
1.48300E+3	24.0451E-9
1.48400E+3	24.0112E-9
1.48500E+3	23.9792E-9
1.48600E+3	23.9154E-9
1.48700E+3	23.9723E-9
1.48800E+3	23.9867E-9
1.48900E+3	23.9916E-9
1.49000E+3	23.9729E-9
1.49100E+3	23.9272E-9
1.49200E+3	23.9109E-9
1.49300E+3	23.9495E-9
1.49400E+3	23.9464E-9
1.49500E+3	23.9348E-9
1.49600E+3	23.9248E-9
1.49700E+3	23.8685E-9
1.49800E+3	23.8985E-9
1.49900E+3	23.8947E-9
1.50000E+3	23.8878E-9
1.50100E+3	23.8783E-9
1.50200E+3	23.8792E-9
1.50300E+3	23.8374E-9
1.50400E+3	23.8693E-9
1.50500E+3	23.8546E-9
1.50600E+3	23.8351E-9
1.50700E+3	23.8457E-9
1.50800E+3	23.8224E-9
1.50900E+3	23.8291E-9
1.51000E+3	23.8195E-9
1.51100E+3	23.7916E-9
1.51200E+3	23.7990E-9
1.51300E+3	23.8021E-9
1.51400E+3	23.7623E-9
1.51500E+3	23.7957E-9
1.51600E+3	23.7717E-9
1.51700E+3	23.7374E-9
1.51800E+3	23.7631E-9
1.51900E+3	23.7680E-9
1.52000E+3	23.7343E-9
1.52100E+3	23.7519E-9
1.52200E+3	23.7262E-9
1.52300E+3	23.7172E-9
1.52400E+3	23.7309E-9
1.52500E+3	23.7020E-9
1.52600E+3	23.7094E-9
1.52702E+3	23.6955E-9
1.52800E+3	23.6616E-9
1.52900E+3	23.6852E-9
1.53000E+3	23.6764E-9
1.53100E+3	23.6699E-9
1.53201E+3	23.6688E-9
1.53300E+3	23.6342E-9
1.53400E+3	23.6544E-9
1.53500E+3	23.6621E-9
1.53600E+3	23.6188E-9
1.53700E+3	23.6493E-9
1.53800E+3	23.6266E-9
1.53900E+3	23.5888E-9
1.54000E+3	23.6143E-9
1.54100E+3	23.6183E-9
1.54200E+3	23.5789E-9
1.54300E+3	23.5985E-9
1.54400E+3	23.5758E-9
1.54500E+3	23.5640E-9
1.54600E+3	23.5808E-9
1.54700E+3	23.5502E-9
1.54800E+3	23.5623E-9
1.54900E+3	23.5469E-9
1.55000E+3	23.5261E-9
1.55100E+3	23.5318E-9
1.55200E+3	23.5327E-9
1.55300E+3	23.4784E-9
1.55400E+3	23.5173E-9
1.55500E+3	23.5071E-9
1.55600E+3	23.4974E-9
1.55700E+3	23.4976E-9
1.55800E+3	23.4775E-9
1.55900E+3	23.4462E-9
1.56000E+3	23.4880E-9
1.56100E+3	23.4824E-9
1.56200E+3	23.4742E-9
1.56300E+3	23.4654E-9
1.56400E+3	23.3974E-9
1.56500E+3	23.4289E-9
1.56600E+3	23.4496E-9
1.56700E+3	23.4663E-9
1.56800E+3	23.4397E-9
1.56900E+3	23.4080E-9
1.57000E+3	23.3503E-9
1.57100E+3	23.4115E-9
1.57200E+3	23.4166E-9
1.57300E+3	23.4278E-9
1.57400E+3	23.3955E-9
1.57500E+3	23.3410E-9
1.57600E+3	23.3337E-9
1.57700E+3	23.3711E-9
1.57800E+3	23.3901E-9
1.57900E+3	23.3635E-9
1.58000E+3	23.3451E-9
1.58100E+3	23.2817E-9
1.58200E+3	23.3199E-9
1.58300E+3	23.3299E-9
1.58400E+3	23.3680E-9
1.58500E+3	23.3188E-9
1.58600E+3	23.2773E-9
1.58700E+3	23.2494E-9
1.58800E+3	23.2925E-9
1.58900E+3	23.3013E-9
1.59000E+3	23.3080E-9
1.59100E+3	23.2695E-9
1.59200E+3	23.2100E-9
1.59300E+3	23.2110E-9
1.59400E+3	23.2497E-9
1.59500E+3	23.2953E-9
1.59600E+3	23.2449E-9
1.59700E+3	23.2140E-9
1.59800E+3	23.1709E-9
1.59900E+3	23.1995E-9
1.60000E+3	23.2201E-9
1.60100E+3	23.2604E-9
1.60200E+3	23.1968E-9
1.60300E+3	23.1412E-9
1.60400E+3	23.1272E-9
1.60500E+3	23.1708E-9
1.60600E+3	23.2052E-9
1.60700E+3	23.1802E-9
1.60800E+3	23.1472E-9
1.60900E+3	23.0962E-9
1.61000E+3	23.1001E-9
1.61100E+3	23.1238E-9
1.61200E+3	23.1765E-9
1.61300E+3	23.1201E-9
1.61400E+3	23.0702E-9
1.61500E+3	23.0557E-9
1.61601E+3	23.0744E-9
1.61700E+3	23.1098E-9
1.61800E+3	23.1245E-9
1.61900E+3	23.0704E-9
1.62000E+3	23.0144E-9
1.62100E+3	23.0045E-9
1.62200E+3	23.0243E-9
1.62300E+3	23.0229E-9
1.62400E+3	23.0198E-9
1.62500E+3	23.0178E-9
1.62600E+3	23.0174E-9
1.62700E+3	23.0165E-9
1.62800E+3	23.0162E-9
1.62900E+3	23.0181E-9
1.63000E+3	23.0181E-9
1.63100E+3	23.0194E-9
1.63200E+3	23.0206E-9
1.63300E+3	23.0141E-9
1.63400E+3	23.0089E-9
1.63500E+3	22.9975E-9
1.63600E+3	22.9898E-9
1.63700E+3	22.9886E-9
1.63800E+3	22.9808E-9
1.63900E+3	22.9749E-9
1.64000E+3	22.9668E-9
1.64100E+3	22.9532E-9
1.64200E+3	22.9447E-9
1.64300E+3	22.9357E-9
1.64400E+3	22.9207E-9
1.64500E+3	22.9028E-9
1.64600E+3	22.8902E-9
1.64700E+3	22.8821E-9
1.64800E+3	22.8689E-9
1.64900E+3	22.8546E-9
1.65000E+3	22.8406E-9
1.65100E+3	22.8289E-9
1.65200E+3	22.8215E-9
1.65300E+3	22.8171E-9
1.65400E+3	22.8072E-9
1.65500E+3	22.7943E-9
1.65600E+3	22.7818E-9
1.65700E+3	22.7720E-9
1.65800E+3	22.7684E-9
1.65900E+3	22.7656E-9
1.66000E+3	22.7607E-9
1.66100E+3	22.7487E-9
1.66200E+3	22.7401E-9
1.66300E+3	22.7348E-9
1.66400E+3	22.7272E-9
1.66500E+3	22.7221E-9
1.66600E+3	22.7160E-9
1.66700E+3	22.7125E-9
1.66800E+3	22.7128E-9
1.66900E+3	22.7120E-9
1.67000E+3	22.7054E-9
1.67100E+3	22.7028E-9
1.67200E+3	22.6923E-9
1.67300E+3	22.6853E-9
1.67400E+3	22.6770E-9
1.67500E+3	22.6728E-9
1.67600E+3	22.6676E-9
1.67700E+3	22.6613E-9
1.67800E+3	22.6554E-9
1.67900E+3	22.6428E-9
1.68000E+3	22.6370E-9
1.68100E+3	22.6270E-9
1.68200E+3	22.6199E-9
1.68300E+3	22.6086E-9
1.68400E+3	22.5922E-9
1.68500E+3	22.5879E-9
1.68600E+3	22.5837E-9
1.68700E+3	22.5757E-9
1.68800E+3	22.5626E-9
1.68900E+3	22.5547E-9
1.69000E+3	22.5518E-9
1.69100E+3	22.5393E-9
1.69200E+3	22.5393E-9
1.69300E+3	22.5142E-9
1.69400E+3	22.5086E-9
1.69500E+3	22.4947E-9
1.69600E+3	22.4866E-9
1.69700E+3	22.4775E-9
1.69800E+3	22.4881E-9
1.69900E+3	22.4721E-9
1.70000E+3	22.4702E-9
1.70100E+3	22.4679E-9
1.70200E+3	22.4441E-9
1.70300E+3	22.4390E-9
1.70400E+3	22.4352E-9
1.70500E+3	22.4216E-9
1.70600E+3	22.4188E-9
1.70700E+3	22.4237E-9
1.70800E+3	22.4082E-9
1.70900E+3	22.4074E-9
1.71000E+3	22.3882E-9
1.71100E+3	22.3794E-9
1.71200E+3	22.3747E-9
1.71300E+3	22.3667E-9
1.71400E+3	22.3646E-9
1.71500E+3	22.3682E-9
1.71600E+3	22.3711E-9
1.71700E+3	22.3661E-9
1.71800E+3	22.3562E-9
1.71900E+3	22.3492E-9
1.72000E+3	22.3298E-9
1.72100E+3	22.3255E-9
1.72200E+3	22.3226E-9
1.72300E+3	22.3342E-9
1.72400E+3	22.3194E-9
1.72500E+3	22.3247E-9
1.72600E+3	22.3198E-9
1.72700E+3	22.3060E-9
1.72800E+3	22.3083E-9
1.72900E+3	22.2949E-9
1.73000E+3	22.2918E-9
1.73100E+3	22.2855E-9
1.73200E+3	22.2866E-9
1.73300E+3	22.2636E-9
1.73400E+3	22.2682E-9
1.73500E+3	22.2495E-9
1.73600E+3	22.2568E-9
1.73700E+3	22.2564E-9
1.73800E+3	22.2395E-9
1.73900E+3	22.2319E-9
1.74000E+3	22.2357E-9
1.74100E+3	22.2112E-9
1.74200E+3	22.2040E-9
1.74300E+3	22.2000E-9
1.74400E+3	22.1870E-9
1.74500E+3	22.1979E-9
1.74600E+3	22.1988E-9
1.74700E+3	22.1912E-9
1.74800E+3	22.1861E-9
1.74900E+3	22.1719E-9
1.75000E+3	22.1506E-9
1.75100E+3	22.1453E-9
1.75200E+3	22.1285E-9
1.75300E+3	22.1399E-9
1.75400E+3	22.1480E-9
1.75500E+3	22.1315E-9
1.75600E+3	22.1260E-9
1.75700E+3	22.1270E-9
1.75800E+3	22.0992E-9
1.75900E+3	22.0731E-9
1.76000E+3	22.0742E-9
1.76100E+3	22.0636E-9
1.76200E+3	22.0681E-9
1.76300E+3	22.0837E-9
1.76400E+3	22.0692E-9
1.76500E+3	22.0777E-9
1.76600E+3	22.0571E-9
1.76700E+3	22.0497E-9
1.76800E+3	22.0329E-9
1.76900E+3	22.0264E-9
1.77000E+3	22.0343E-9
1.77100E+3	22.0266E-9
1.77200E+3	22.0371E-9
1.77300E+3	22.0152E-9
1.77400E+3	22.0119E-9
1.77500E+3	22.0000E-9
1.77600E+3	21.9872E-9
1.77700E+3	21.9617E-9
1.77801E+3	21.9730E-9
1.77900E+3	21.9749E-9
1.78000E+3	21.9734E-9
1.78100E+3	21.9737E-9
1.78200E+3	21.9753E-9
1.78300E+3	21.9589E-9
1.78400E+3	21.9436E-9
1.78500E+3	21.9314E-9
1.78600E+3	21.9049E-9
1.78701E+3	21.9203E-9
1.78800E+3	21.9361E-9
1.78901E+3	21.9410E-9
1.79000E+3	21.9353E-9
1.79101E+3	21.9364E-9
1.79200E+3	21.9241E-9
1.79300E+3	21.9066E-9
1.79400E+3	21.8726E-9
1.79500E+3	21.8579E-9
1.79600E+3	21.8461E-9
1.79700E+3	21.8525E-9
1.79800E+3	21.8662E-9
1.79900E+3	21.8678E-9
1.80000E+3	21.8618E-9
1.80100E+3	21.8242E-9
1.80200E+3	21.8102E-9
1.80300E+3	21.8018E-9
1.80400E+3	21.7901E-9
1.80500E+3	21.7792E-9
1.80600E+3	21.7697E-9
1.80700E+3	21.7647E-9
1.80800E+3	21.7656E-9
1.80900E+3	21.7530E-9
1.81000E+3	21.7479E-9
1.81100E+3	21.7380E-9
1.81200E+3	21.7666E-9
1.81300E+3	21.7272E-9
1.81400E+3	21.7238E-9
1.81500E+3	21.7377E-9
1.81600E+3	21.7232E-9
1.81700E+3	21.7060E-9
1.81800E+3	21.6790E-9
1.81900E+3	21.6832E-9
1.82000E+3	21.6692E-9
1.82100E+3	21.6605E-9
1.82200E+3	21.6785E-9
1.82300E+3	21.6840E-9
1.82400E+3	21.6876E-9
1.82500E+3	21.6707E-9
1.82600E+3	21.6466E-9
1.82700E+3	21.6219E-9
1.82800E+3	21.6278E-9
1.82900E+3	21.6117E-9
1.83000E+3	21.6170E-9
1.83100E+3	21.6380E-9
1.83200E+3	21.6382E-9
1.83300E+3	21.6298E-9
1.83400E+3	21.6205E-9
1.83500E+3	21.5961E-9
1.83600E+3	21.6030E-9
1.83700E+3	21.6314E-9
1.83800E+3	21.6338E-9
1.83900E+3	21.5672E-9
1.84000E+3	21.5849E-9
1.84100E+3	21.5675E-9
1.84200E+3	21.5614E-9
1.84300E+3	21.5468E-9
1.84400E+3	21.5514E-9
1.84500E+3	21.5514E-9
1.84600E+3	21.5572E-9
1.84700E+3	21.5391E-9
1.84800E+3	21.5257E-9
1.84900E+3	21.5091E-9
1.85000E+3	21.5005E-9
1.85100E+3	21.4813E-9
1.85200E+3	21.4910E-9
1.85300E+3	21.4935E-9
1.85400E+3	21.4917E-9
1.85500E+3	21.4768E-9
1.85600E+3	21.4703E-9
1.85700E+3	21.4649E-9
1.85800E+3	21.4796E-9
1.85900E+3	21.4896E-9
1.86000E+3	21.4618E-9
1.86100E+3	21.4331E-9
1.86200E+3	21.3975E-9
1.86300E+3	21.3802E-9
1.86400E+3	21.3856E-9
1.86500E+3	21.4107E-9
1.86600E+3	21.4450E-9
1.86700E+3	21.4791E-9
1.86800E+3	21.4799E-9
1.86900E+3	21.4722E-9
1.87000E+3	21.3992E-9
1.87101E+3	21.3316E-9
1.87200E+3	21.2998E-9
1.87300E+3	21.2929E-9
1.87400E+3	21.2994E-9
1.87500E+3	21.3529E-9
1.87600E+3	21.3846E-9
1.87700E+3	21.3983E-9
1.87800E+3	21.3659E-9
1.87900E+3	21.3189E-9
1.88000E+3	21.2563E-9
1.88100E+3	21.2388E-9
1.88200E+3	21.2332E-9
1.88300E+3	21.2620E-9
1.88400E+3	21.3020E-9
1.88500E+3	21.3367E-9
1.88600E+3	21.3343E-9
1.88700E+3	21.2861E-9
1.88800E+3	21.2383E-9
1.88900E+3	21.1953E-9
1.89000E+3	21.1824E-9
1.89100E+3	21.1873E-9
1.89200E+3	21.2224E-9
1.89300E+3	21.2566E-9
1.89400E+3	21.2906E-9
1.89500E+3	21.2622E-9
1.89600E+3	21.2157E-9
1.89700E+3	21.1737E-9
1.89800E+3	21.1319E-9
1.89900E+3	21.1310E-9
1.90000E+3	21.1551E-9
1.90100E+3	21.1848E-9
1.90200E+3	21.2181E-9
1.90300E+3	21.2413E-9
1.90400E+3	21.1949E-9
1.90500E+3	21.1500E-9
1.90600E+3	21.1033E-9
1.90700E+3	21.0735E-9
1.90800E+3	21.0787E-9
1.90900E+3	21.1117E-9
1.91000E+3	21.1481E-9
1.91100E+3	21.1861E-9
1.91200E+3	21.1785E-9
1.91300E+3	21.1348E-9
1.91400E+3	21.0828E-9
1.91500E+3	21.0301E-9
1.91600E+3	21.0085E-9
1.91700E+3	21.0297E-9
1.91800E+3	21.0654E-9
1.91900E+3	21.1091E-9
1.92000E+3	21.1416E-9
1.92100E+3	21.1055E-9
1.92200E+3	21.0542E-9
1.92300E+3	20.9979E-9
1.92400E+3	20.9483E-9
1.92500E+3	20.9454E-9
1.92600E+3	20.9790E-9
1.92700E+3	21.0264E-9
1.92800E+3	21.0705E-9
1.92900E+3	21.0758E-9
1.93000E+3	21.0356E-9
1.93100E+3	20.9655E-9
1.93200E+3	20.9143E-9
1.93300E+3	20.8668E-9
1.93400E+3	20.8909E-9
1.93500E+3	20.9317E-9
1.93600E+3	20.9868E-9
1.93700E+3	21.0142E-9
1.93800E+3	21.0021E-9
1.93900E+3	20.9563E-9
1.94000E+3	20.8738E-9
1.94100E+3	20.8218E-9
1.94200E+3	20.7972E-9
1.94300E+3	20.8275E-9
1.94400E+3	20.8822E-9
1.94500E+3	20.9451E-9
1.94600E+3	20.9494E-9
1.94700E+3	20.9351E-9
1.94800E+3	20.8598E-9
1.94900E+3	20.7817E-9
1.95000E+3	20.7375E-9
1.95100E+3	20.7358E-9
1.95201E+3	20.7643E-9
1.95300E+3	20.8396E-9
1.95400E+3	20.8827E-9
1.95500E+3	20.8765E-9
1.95600E+3	20.8502E-9
1.95700E+3	20.7560E-9
1.95800E+3	20.6868E-9
1.95900E+3	20.6639E-9
1.96000E+3	20.6697E-9
1.96100E+3	20.7266E-9
1.96200E+3	20.8051E-9
1.96300E+3	20.8200E-9
1.96400E+3	20.8129E-9
1.96500E+3	20.7589E-9
1.96600E+3	20.6642E-9
1.96700E+3	20.6045E-9
1.96800E+3	20.6013E-9
1.96900E+3	20.6226E-9
1.97000E+3	20.6981E-9
1.97100E+3	20.7582E-9
1.97200E+3	20.7626E-9
1.97300E+3	20.7372E-9
1.97400E+3	20.6622E-9
1.97500E+3	20.5704E-9
1.97600E+3	20.5329E-9
1.97700E+3	20.5283E-9
1.97800E+3	20.5787E-9
1.97900E+3	20.6578E-9
1.98000E+3	20.5190E-9
1.98100E+3	20.6946E-9
1.98200E+3	20.4967E-9
1.98300E+3	20.5663E-9
1.98400E+3	20.6396E-9
1.98500E+3	20.6723E-9
1.98600E+3	20.6600E-9
1.98700E+3	20.6048E-9
1.98800E+3	20.5153E-9
1.98900E+3	20.4451E-9
1.99000E+3	20.4329E-9
1.99100E+3	20.4544E-9
1.99200E+3	20.5336E-9
1.99300E+3	20.5881E-9
1.99400E+3	20.6174E-9
1.99500E+3	20.5796E-9
1.99600E+3	20.5219E-9
1.99700E+3	20.4305E-9
1.99800E+3	20.3825E-9
1.99900E+3	20.3750E-9
2.00000E+3	20.4226E-9
2.00100E+3	20.5000E-9
2.00200E+3	20.5328E-9
2.00300E+3	20.5454E-9
2.00400E+3	20.4950E-9
2.00500E+3	20.4236E-9
2.00600E+3	20.3486E-9
2.00700E+3	20.3141E-9
2.00800E+3	20.3373E-9
2.00900E+3	20.3935E-9
2.01000E+3	20.4454E-9
2.01100E+3	20.4796E-9
2.01200E+3	20.4655E-9
2.01300E+3	20.4162E-9
2.01400E+3	20.3341E-9
2.01500E+3	20.2808E-9
2.01600E+3	20.2599E-9
2.01700E+3	20.2980E-9
2.01800E+3	20.3614E-9
2.01900E+3	20.3956E-9
2.02000E+3	20.4126E-9
2.02100E+3	20.3788E-9
2.02200E+3	20.3287E-9
2.02300E+3	20.2611E-9
2.02400E+3	20.2121E-9
2.02500E+3	20.2236E-9
2.02600E+3	20.2624E-9
2.02700E+3	20.3078E-9
2.02800E+3	20.3432E-9
2.02900E+3	20.3384E-9
2.03000E+3	20.2952E-9
2.03100E+3	20.2437E-9
2.03200E+3	20.1929E-9
2.03300E+3	20.1521E-9
2.03400E+3	20.1855E-9
2.03500E+3	20.2225E-9
2.03600E+3	20.2613E-9
2.03700E+3	20.2800E-9
2.03800E+3	20.2702E-9
2.03900E+3	20.2231E-9
2.04000E+3	20.1686E-9
2.04100E+3	20.1188E-9
2.04200E+3	20.1064E-9
2.04300E+3	20.1422E-9
2.04400E+3	20.1829E-9
2.04501E+3	20.2245E-9
2.04600E+3	20.2191E-9
2.04701E+3	20.2016E-9
2.04800E+3	20.1426E-9
2.04900E+3	20.0927E-9
2.05000E+3	20.0543E-9
2.05100E+3	20.0692E-9
2.05200E+3	20.1012E-9
2.05300E+3	20.1551E-9
2.05400E+3	20.1766E-9
2.05500E+3	20.1656E-9
2.05600E+3	20.1395E-9
2.05700E+3	20.0643E-9
2.05800E+3	20.0145E-9
2.05900E+3	19.9945E-9
2.06000E+3	20.0118E-9
2.06100E+3	20.0524E-9
2.06200E+3	20.1144E-9
2.06300E+3	20.1146E-9
2.06400E+3	20.1097E-9
2.06500E+3	20.0599E-9
2.06600E+3	19.9821E-9
2.06700E+3	19.9407E-9
2.06800E+3	19.9353E-9
2.06900E+3	19.9598E-9
2.07000E+3	20.0257E-9
2.07100E+3	20.0582E-9
2.07200E+3	20.0500E-9
2.07300E+3	20.0455E-9
2.07400E+3	19.9613E-9
2.07500E+3	19.8960E-9
2.07600E+3	19.8772E-9
2.07700E+3	19.8724E-9
2.07800E+3	19.9141E-9
2.07900E+3	19.9931E-9
2.08000E+3	20.0019E-9
2.08100E+3	19.9957E-9
2.08200E+3	19.9643E-9
2.08300E+3	19.8750E-9
2.08400E+3	19.8257E-9
2.08500E+3	19.8229E-9
2.08600E+3	19.8253E-9
2.08700E+3	19.8924E-9
2.08800E+3	19.9497E-9
2.08900E+3	19.9434E-9
2.09000E+3	19.9359E-9
2.09100E+3	19.8830E-9
2.09200E+3	19.7935E-9
2.09300E+3	19.7723E-9
2.09400E+3	19.7673E-9
2.09500E+3	19.7880E-9
2.09600E+3	19.8663E-9
2.09700E+3	19.8967E-9
2.09800E+3	19.8900E-9
2.09900E+3	19.8687E-9
2.10000E+3	19.7930E-9
2.10100E+3	19.7759E-9
2.10200E+3	19.7150E-9
2.10300E+3	19.7079E-9
2.10400E+3	19.6996E-9
2.10500E+3	19.7536E-9
2.10600E+3	19.8158E-9
2.10700E+3	19.8271E-9
2.10800E+3	19.8169E-9
2.10900E+3	19.7762E-9
2.11000E+3	19.6822E-9
2.11100E+3	19.6428E-9
2.11200E+3	19.6355E-9
2.11300E+3	19.6446E-9
2.11400E+3	19.7145E-9
2.11500E+3	19.7616E-9
2.11600E+3	19.7561E-9
2.11700E+3	19.7466E-9
2.11800E+3	19.6747E-9
2.11900E+3	19.5978E-9
2.12000E+3	19.5754E-9
2.12100E+3	19.5693E-9
2.12200E+3	19.6007E-9
2.12300E+3	19.6788E-9
2.12400E+3	19.6973E-9
2.12500E+3	19.6889E-9
2.12600E+3	19.6714E-9
2.12700E+3	19.5791E-9
2.12800E+3	19.5253E-9
2.12900E+3	19.5139E-9
2.13000E+3	19.5209E-9
2.13100E+3	19.5608E-9
2.13200E+3	19.6288E-9
2.13300E+3	19.6240E-9
2.13400E+3	19.6168E-9
2.13500E+3	19.5704E-9
2.13600E+3	19.5080E-9
2.13700E+3	19.4594E-9
2.13800E+3	19.4515E-9
2.13900E+3	19.4809E-9
2.14000E+3	19.5350E-9
2.14100E+3	19.5663E-9
2.14200E+3	19.5598E-9
2.14300E+3	19.5454E-9
2.14400E+3	19.4761E-9
2.14500E+3	19.4247E-9
2.14600E+3	19.3868E-9
2.14700E+3	19.4032E-9
2.14800E+3	19.4335E-9
2.14900E+3	19.4844E-9
2.15000E+3	19.5034E-9
2.15100E+3	19.4964E-9
2.15200E+3	19.4595E-9
2.15300E+3	19.4057E-9
2.15400E+3	19.3551E-9
2.15500E+3	19.3214E-9
2.15600E+3	19.3512E-9
2.15700E+3	19.3870E-9
2.15800E+3	19.4268E-9
2.15900E+3	19.4384E-9
2.16000E+3	19.4311E-9
2.16100E+3	19.3770E-9
2.16200E+3	19.3199E-9
2.16300E+3	19.2739E-9
2.16400E+3	19.2704E-9
2.16500E+3	19.2996E-9
2.16600E+3	19.3454E-9
2.16700E+3	19.3812E-9
2.16800E+3	19.3845E-9
2.16900E+3	19.3467E-9
2.17000E+3	19.2949E-9
2.17100E+3	19.2313E-9
2.17200E+3	19.1826E-9
2.17300E+3	19.2079E-9
2.17400E+3	19.2538E-9
2.17500E+3	19.2990E-9
2.17600E+3	19.3362E-9
2.17700E+3	19.3294E-9
2.17800E+3	19.2705E-9
2.17900E+3	19.2013E-9
2.18000E+3	19.1447E-9
2.18100E+3	19.1188E-9
2.18200E+3	19.1520E-9
2.18300E+3	19.2188E-9
2.18400E+3	19.2568E-9
2.18500E+3	19.2882E-9
2.18600E+3	19.2497E-9
2.18700E+3	19.1991E-9
2.18800E+3	19.1117E-9
2.18900E+3	19.0665E-9
2.19000E+3	19.0650E-9
2.19100E+3	19.1102E-9
2.19200E+3	19.1814E-9
2.19300E+3	19.2180E-9
2.19400E+3	19.2287E-9
2.19500E+3	19.1876E-9
2.19600E+3	19.1167E-9
2.19700E+3	19.0347E-9
2.19800E+3	19.0180E-9
2.19900E+3	19.0207E-9
2.20000E+3	19.0877E-9
2.20100E+3	19.1564E-9
2.20200E+3	19.1888E-9
2.20300E+3	19.1742E-9
2.20400E+3	19.1218E-9
2.20500E+3	19.0299E-9
2.20600E+3	18.9663E-9
2.20700E+3	18.9595E-9
2.20800E+3	18.9810E-9
2.20901E+3	19.0587E-9
2.21000E+3	19.1179E-9
2.21100E+3	19.1232E-9
2.21200E+3	19.1038E-9
2.21300E+3	19.0281E-9
2.21400E+3	18.9394E-9
2.21500E+3	18.9125E-9
2.21600E+3	18.9088E-9
2.21700E+3	18.9522E-9
2.21800E+3	19.0340E-9
2.21900E+3	19.0717E-9
2.22000E+3	19.0651E-9
2.22100E+3	19.0304E-9
2.22200E+3	18.9390E-9
2.22300E+3	18.8751E-9
2.22400E+3	18.8549E-9
2.22500E+3	18.8729E-9
2.22600E+3	18.9304E-9
2.22700E+3	19.0064E-9
2.22800E+3	19.0213E-9
2.22900E+3	19.0126E-9
2.23000E+3	18.9475E-9
2.23100E+3	18.8656E-9
2.23200E+3	18.8177E-9
2.23300E+3	18.8065E-9
2.23400E+3	18.8433E-9
2.23500E+3	18.9042E-9
2.23600E+3	18.9586E-9
2.23700E+3	18.9649E-9
2.23800E+3	18.9337E-9
2.23900E+3	18.8577E-9
2.24000E+3	18.8009E-9
2.24100E+3	18.7538E-9
2.24200E+3	18.7734E-9
2.24300E+3	18.8099E-9
2.24400E+3	18.8710E-9
2.24500E+3	18.9053E-9
2.24600E+3	18.8989E-9
2.24700E+3	18.8536E-9
2.24800E+3	18.7876E-9
2.24900E+3	18.7352E-9
2.25000E+3	18.7060E-9
2.25100E+3	18.7341E-9
2.25200E+3	18.7739E-9
2.25300E+3	18.8135E-9
2.25400E+3	18.8454E-9
2.25500E+3	18.8116E-9
2.25600E+3	18.7580E-9
2.25700E+3	18.7060E-9
2.25800E+3	18.6562E-9
2.25900E+3	18.6487E-9
2.26000E+3	18.6844E-9
2.26100E+3	18.7231E-9
2.26200E+3	18.7593E-9
2.26300E+3	18.7720E-9
2.26400E+3	18.7201E-9
2.26500E+3	18.6701E-9
2.26600E+3	18.6175E-9
2.26700E+3	18.5854E-9
2.26800E+3	18.5917E-9
2.26900E+3	18.6286E-9
2.27000E+3	18.6654E-9
2.27100E+3	18.7012E-9
2.27200E+3	18.6902E-9
2.27300E+3	18.6401E-9
2.27400E+3	18.5849E-9
2.27500E+3	18.5368E-9
2.27600E+3	18.5268E-9
2.27700E+3	18.5393E-9
2.27800E+3	18.5919E-9
2.27900E+3	18.6293E-9
2.28000E+3	18.6530E-9
2.28100E+3	18.6243E-9
2.28200E+3	18.5747E-9
2.28300E+3	18.5039E-9
2.28400E+3	18.4828E-9
2.28500E+3	18.4728E-9
2.28600E+3	18.4913E-9
2.28701E+3	18.5537E-9
2.28800E+3	18.5899E-9
2.28900E+3	18.5862E-9
2.29000E+3	18.5574E-9
2.29100E+3	18.4934E-9
2.29200E+3	18.4308E-9
2.29300E+3	18.4238E-9
2.29400E+3	18.4163E-9
2.29500E+3	18.4582E-9
2.29600E+3	18.5155E-9
2.29700E+3	18.5314E-9
2.29800E+3	18.5195E-9
2.29900E+3	18.4832E-9
2.30001E+3	18.3996E-9
2.30100E+3	18.3694E-9
2.30200E+3	18.3628E-9
2.30300E+3	18.3676E-9
2.30400E+3	18.4357E-9
2.30500E+3	18.4890E-9
2.30600E+3	18.4828E-9
2.30700E+3	18.4771E-9
2.30800E+3	18.4151E-9
2.30900E+3	18.3377E-9
2.31000E+3	18.3163E-9
2.31100E+3	18.3072E-9
2.31200E+3	18.3387E-9
2.31301E+3	18.4167E-9
2.31400E+3	18.4381E-9
2.31500E+3	18.4325E-9
2.31600E+3	18.4158E-9
2.31700E+3	18.3264E-9
2.31800E+3	18.2666E-9
2.31900E+3	18.2491E-9
2.32000E+3	18.2572E-9
2.32100E+3	18.3118E-9
2.32200E+3	18.3799E-9
2.32300E+3	18.3816E-9
2.32400E+3	18.3753E-9
2.32500E+3	18.3321E-9
2.32601E+3	18.2452E-9
2.32700E+3	18.1967E-9
2.32800E+3	18.1907E-9
2.32900E+3	18.2224E-9
2.33000E+3	18.1957E-9
2.33100E+3	18.2955E-9
2.33200E+3	18.3296E-9
2.33300E+3	18.3239E-9
2.33400E+3	18.3033E-9
2.33500E+3	18.2298E-9
2.33600E+3	18.1570E-9
2.33700E+3	18.1257E-9
2.33800E+3	18.1324E-9
2.33900E+3	18.1752E-9
2.34000E+3	18.2499E-9
2.34100E+3	18.2605E-9
2.34200E+3	18.2516E-9
2.34300E+3	18.2211E-9
2.34400E+3	18.1277E-9
2.34500E+3	18.0770E-9
2.34600E+3	18.0640E-9
2.34700E+3	18.0839E-9
2.34800E+3	18.1416E-9
2.34900E+3	18.2016E-9
2.35000E+3	18.1943E-9
2.35100E+3	18.1883E-9
2.35200E+3	18.1261E-9
2.35300E+3	18.0477E-9
2.35400E+3	18.0140E-9
2.35500E+3	18.0061E-9
2.35600E+3	18.0368E-9
2.35700E+3	18.1092E-9
2.35800E+3	18.1368E-9
2.35900E+3	18.1312E-9
2.36000E+3	18.1182E-9
2.36100E+3	18.0316E-9
2.36200E+3	17.9738E-9
2.36300E+3	17.9601E-9
2.36400E+3	17.9572E-9
2.36500E+3	18.0030E-9
2.36600E+3	18.0759E-9
2.36700E+3	18.0750E-9
2.36800E+3	18.0698E-9
2.36900E+3	18.0335E-9
2.37000E+3	17.9431E-9
2.37100E+3	17.9019E-9
2.37200E+3	17.8962E-9
2.37300E+3	17.8975E-9
2.37400E+3	17.9665E-9
2.37500E+3	18.0122E-9
2.37600E+3	18.0056E-9
2.37700E+3	17.9978E-9
2.37800E+3	17.9365E-9
2.37901E+3	17.8533E-9
2.38000E+3	17.8428E-9
2.38100E+3	17.8356E-9
2.38200E+3	17.8568E-9
2.38300E+3	17.9264E-9
2.38400E+3	17.9548E-9
2.38500E+3	17.9478E-9
2.38600E+3	17.9198E-9
2.38700E+3	17.8482E-9
2.38800E+3	17.7925E-9
2.38900E+3	17.7846E-9
2.39000E+3	17.7779E-9
2.39100E+3	17.8244E-9
2.39201E+3	17.8777E-9
2.39300E+3	17.8944E-9
2.39400E+3	17.8883E-9
2.39500E+3	17.8362E-9
2.39600E+3	17.7604E-9
2.39701E+3	17.7221E-9
2.39800E+3	17.7155E-9
2.39900E+3	17.7172E-9
2.40000E+3	17.7844E-9
2.40100E+3	17.8221E-9
2.40200E+3	17.8287E-9
2.40300E+3	17.7941E-9
2.40400E+3	17.7427E-9
2.40501E+3	17.6782E-9
2.40600E+3	17.6567E-9
2.40700E+3	17.6519E-9
2.40800E+3	17.6861E-9
2.40900E+3	17.7319E-9
2.41000E+3	17.7691E-9
2.41100E+3	17.7621E-9
2.41200E+3	17.7172E-9
2.41300E+3	17.6638E-9
2.41400E+3	17.6125E-9
2.41500E+3	17.5997E-9
2.41600E+3	17.6122E-9
2.41700E+3	17.6554E-9
2.41800E+3	17.6859E-9
2.41900E+3	17.7223E-9
2.42000E+3	17.6894E-9
2.42100E+3	17.6407E-9
2.42200E+3	17.5895E-9
2.42300E+3	17.5438E-9
2.42400E+3	17.5372E-9
2.42500E+3	17.5677E-9
2.42600E+3	17.6028E-9
2.42700E+3	17.6409E-9
2.42800E+3	17.6599E-9
2.42900E+3	17.6135E-9
2.43000E+3	17.5591E-9
2.43100E+3	17.5082E-9
2.43200E+3	17.4672E-9
2.43300E+3	17.4877E-9
2.43400E+3	17.5281E-9
2.43500E+3	17.5677E-9
2.43600E+3	17.6089E-9
2.43700E+3	17.6016E-9
2.43800E+3	17.5528E-9
2.43900E+3	17.5030E-9
2.44000E+3	17.4525E-9
2.44100E+3	17.4260E-9
2.44200E+3	17.4613E-9
2.44300E+3	17.4977E-9
2.44400E+3	17.5389E-9
2.44500E+3	17.5679E-9
2.44600E+3	17.5360E-9
2.44700E+3	17.4840E-9
2.44800E+3	17.4299E-9
2.44900E+3	17.3800E-9
2.45000E+3	17.3797E-9
2.45100E+3	17.4159E-9
2.45200E+3	17.4634E-9
2.45300E+3	17.5036E-9
2.45400E+3	17.5125E-9
2.45500E+3	17.4692E-9
2.45600E+3	17.3992E-9
2.45700E+3	17.3448E-9
2.45800E+3	17.2970E-9
2.45900E+3	17.3252E-9
2.46000E+3	17.3607E-9
2.46100E+3	17.4296E-9
2.46200E+3	17.4529E-9
2.46300E+3	17.4397E-9
2.46400E+3	17.3842E-9
2.46500E+3	17.2996E-9
2.46600E+3	17.2539E-9
2.46700E+3	17.2322E-9
2.46800E+3	17.2644E-9
2.46900E+3	17.3223E-9
2.47000E+3	17.3804E-9
2.47100E+3	17.3915E-9
2.47200E+3	17.3754E-9
2.47300E+3	17.2940E-9
2.47400E+3	17.2175E-9
2.47501E+3	17.1703E-9
2.47600E+3	17.1736E-9
2.47700E+3	17.2112E-9
2.47800E+3	17.2822E-9
2.47900E+3	17.3266E-9
2.48000E+3	17.3190E-9
2.48100E+3	17.2888E-9
2.48200E+3	17.1937E-9
2.48300E+3	17.1257E-9
2.48400E+3	17.1066E-9
2.48500E+3	17.1159E-9
2.48600E+3	17.1759E-9
2.48700E+3	17.2513E-9
2.48800E+3	17.2663E-9
2.48900E+3	17.2573E-9
2.49000E+3	17.1881E-9
2.49100E+3	17.0955E-9
2.49201E+3	17.0420E-9
2.49300E+3	17.0360E-9
2.49400E+3	17.0558E-9
2.49500E+3	17.1336E-9
2.49600E+3	17.1905E-9
2.49700E+3	17.1934E-9
2.49800E+3	17.1680E-9
2.49900E+3	17.0938E-9
2.50000E+3	17.0014E-9
2.50100E+3	16.9810E-9
2.50200E+3	16.9735E-9
2.50300E+3	17.0230E-9
2.50400E+3	17.0977E-9
2.50500E+3	17.1317E-9
2.50600E+3	17.1266E-9
2.50700E+3	17.0796E-9
2.50800E+3	17.0005E-9
2.50900E+3	16.9273E-9
2.51000E+3	16.9140E-9
2.51100E+3	16.9201E-9
2.51200E+3	16.9903E-9
2.51300E+3	17.0420E-9
2.51400E+3	17.0717E-9
2.51500E+3	17.0423E-9
2.51600E+3	16.9902E-9
2.51700E+3	16.9032E-9
2.51800E+3	16.8565E-9
2.51900E+3	16.8481E-9
2.52000E+3	16.8824E-9
2.52100E+3	16.9505E-9
2.52200E+3	16.9863E-9
2.52300E+3	17.0079E-9
2.52400E+3	16.9586E-9
2.52500E+3	16.9034E-9
2.52600E+3	16.8380E-9
2.52700E+3	16.7966E-9
2.52800E+3	16.8117E-9
2.52900E+3	16.8555E-9
2.53000E+3	16.9055E-9
2.53100E+3	16.9360E-9
2.53200E+3	16.9263E-9
2.53300E+3	16.8820E-9
2.53400E+3	16.8208E-9
2.53500E+3	16.7667E-9
2.53600E+3	16.7370E-9
2.53700E+3	16.7725E-9
2.53800E+3	16.8234E-9
2.53900E+3	16.8596E-9
2.54000E+3	16.8772E-9
2.54100E+3	16.8557E-9
2.54200E+3	16.8043E-9
2.54300E+3	16.7488E-9
2.54400E+3	16.6990E-9
2.54500E+3	16.6974E-9
2.54600E+3	16.7350E-9
2.54700E+3	16.7773E-9
2.54800E+3	16.8131E-9
2.54900E+3	16.8065E-9
2.55000E+3	16.7758E-9
2.55100E+3	16.7224E-9
2.55200E+3	16.6763E-9
2.55300E+3	16.6334E-9
2.55400E+3	16.6554E-9
2.55500E+3	16.6880E-9
2.55600E+3	16.7326E-9
2.55700E+3	16.7514E-9
2.55800E+3	16.7449E-9
2.55900E+3	16.7064E-9
2.56000E+3	16.6951E-9
2.56100E+3	16.6333E-9
2.56200E+3	16.5857E-9
2.56300E+3	16.5706E-9
2.56400E+3	16.6062E-9
2.56501E+3	16.6465E-9
2.56600E+3	16.6842E-9
2.56700E+3	16.6866E-9
2.56800E+3	16.6656E-9
2.56900E+3	16.6115E-9
2.57000E+3	16.5630E-9
2.57100E+3	16.5137E-9
2.57200E+3	16.5228E-9
2.57300E+3	16.5608E-9
2.57400E+3	16.6026E-9
2.57500E+3	16.6347E-9
2.57600E+3	16.6318E-9
2.57700E+3	16.5806E-9
2.57800E+3	16.5255E-9
2.57900E+3	16.4720E-9
2.58000E+3	16.4350E-9
2.58100E+3	16.4675E-9
2.58200E+3	16.5158E-9
2.58300E+3	16.5587E-9
2.58400E+3	16.5904E-9
2.58500E+3	16.5661E-9
2.58600E+3	16.5165E-9
2.58700E+3	16.4473E-9
2.58800E+3	16.3993E-9
2.58900E+3	16.3889E-9
2.59000E+3	16.4269E-9
2.59100E+3	16.4849E-9
2.59200E+3	16.5219E-9
2.59300E+3	16.5453E-9
2.59400E+3	16.4967E-9
2.59500E+3	16.4427E-9
2.59600E+3	16.3669E-9
2.59700E+3	16.3351E-9
2.59800E+3	16.3405E-9
2.59900E+3	16.3923E-9
2.60000E+3	16.4554E-9
2.60100E+3	16.4921E-9
2.60200E+3	16.4870E-9
2.60300E+3	16.4385E-9
2.60400E+3	16.3613E-9
2.60500E+3	16.2953E-9
2.60600E+3	16.2867E-9
2.60700E+3	16.2928E-9
2.60800E+3	16.3691E-9
2.60900E+3	16.4252E-9
2.61000E+3	16.4441E-9
2.61100E+3	16.4252E-9
2.61200E+3	16.3648E-9
2.61300E+3	16.2731E-9
2.61400E+3	16.2423E-9
2.61500E+3	16.2356E-9
2.61600E+3	16.2699E-9
2.61700E+3	16.3498E-9
2.61800E+3	16.3943E-9
2.61900E+3	16.3937E-9
2.62000E+3	16.3684E-9
2.62100E+3	16.2810E-9
2.62200E+3	16.2025E-9
2.62300E+3	16.1809E-9
2.62400E+3	16.1873E-9
2.62500E+3	16.2438E-9
2.62600E+3	16.3230E-9
2.62700E+3	16.3487E-9
2.62800E+3	16.3402E-9
2.62900E+3	16.2882E-9
2.63000E+3	16.1935E-9
2.63100E+3	16.1415E-9
2.63200E+3	16.1244E-9
2.63300E+3	16.1531E-9
2.63400E+3	16.2197E-9
2.63500E+3	16.2890E-9
2.63600E+3	16.2940E-9
2.63700E+3	16.2777E-9
2.63800E+3	16.1985E-9
2.63900E+3	16.1266E-9
2.64000E+3	16.0796E-9
2.64100E+3	16.0860E-9
2.64200E+3	16.1320E-9
2.64300E+3	16.1991E-9
2.64400E+3	16.2478E-9
2.64500E+3	16.2428E-9
2.64600E+3	16.2015E-9
2.64700E+3	16.1278E-9
2.64800E+3	16.0749E-9
2.64900E+3	16.0317E-9
2.65000E+3	16.0616E-9
2.65100E+3	16.1000E-9
2.65200E+3	16.1515E-9
2.65300E+3	16.1814E-9
2.65400E+3	16.1631E-9
2.65500E+3	16.1110E-9
2.65600E+3	16.0513E-9
2.65700E+3	15.9997E-9
2.65800E+3	15.9808E-9
2.65900E+3	16.0195E-9
2.66000E+3	16.0537E-9
2.66100E+3	16.0945E-9
2.66200E+3	16.1136E-9
2.66300E+3	16.0739E-9
2.66400E+3	16.0193E-9
2.66500E+3	15.9610E-9
2.66600E+3	15.9131E-9
2.66700E+3	15.9238E-9
2.66800E+3	15.9600E-9
2.66900E+3	15.9986E-9
2.67000E+3	16.0323E-9
2.67100E+3	16.0335E-9
2.67200E+3	15.9837E-9
2.67300E+3	15.9313E-9
2.67400E+3	15.8815E-9
2.67500E+3	15.8542E-9
2.67600E+3	15.8722E-9
2.67700E+3	15.9148E-9
2.67800E+3	15.9521E-9
2.67900E+3	15.9867E-9
2.68000E+3	15.9582E-9
2.68100E+3	15.9010E-9
2.68200E+3	15.8497E-9
2.68300E+3	15.8089E-9
2.68400E+3	15.8035E-9
2.68500E+3	15.8282E-9
2.68600E+3	15.8701E-9
2.68700E+3	15.9073E-9
2.68800E+3	15.9234E-9
2.68900E+3	15.8872E-9
2.69000E+3	15.8372E-9
2.69100E+3	15.7722E-9
2.69200E+3	15.7600E-9
2.69300E+3	15.7530E-9
2.69400E+3	15.7854E-9
2.69500E+3	15.8381E-9
2.69600E+3	15.8678E-9
2.69700E+3	15.8623E-9
2.69800E+3	15.8218E-9
2.69900E+3	15.7505E-9
2.70000E+3	15.7072E-9
2.70100E+3	15.6959E-9
2.70200E+3	15.6940E-9
2.70300E+3	15.7529E-9
2.70400E+3	15.8026E-9
2.70500E+3	15.8106E-9
2.70600E+3	15.8025E-9
2.70700E+3	15.7498E-9
2.70800E+3	15.6655E-9
2.70900E+3	15.6408E-9
2.71000E+3	15.6329E-9
2.71100E+3	15.6487E-9
2.71200E+3	15.7242E-9
2.71300E+3	15.7609E-9
2.71401E+3	15.7538E-9
2.71500E+3	15.7425E-9
2.71600E+3	15.6612E-9
2.71700E+3	15.5898E-9
2.71800E+3	15.5781E-9
2.71901E+3	15.5702E-9
2.72000E+3	15.6151E-9
2.72100E+3	15.6929E-9
2.72200E+3	15.6990E-9
2.72300E+3	15.6954E-9
2.72400E+3	15.6629E-9
2.72500E+3	15.5722E-9
2.72600E+3	15.5250E-9
2.72701E+3	15.5151E-9
2.72800E+3	15.5334E-9
2.72900E+3	15.5900E-9
2.73000E+3	15.6530E-9
2.73100E+3	15.6486E-9
2.73200E+3	15.6426E-9
2.73300E+3	15.5828E-9
2.73400E+3	15.5072E-9
2.73500E+3	15.4653E-9
2.73600E+3	15.4665E-9
2.73700E+3	15.5034E-9
2.73800E+3	15.5802E-9
2.73900E+3	15.6102E-9
2.74000E+3	15.6046E-9
2.74100E+3	15.5813E-9
2.74200E+3	15.5166E-9
2.74300E+3	15.4468E-9
2.74400E+3	15.4131E-9
2.74500E+3	15.4340E-9
2.74600E+3	15.4906E-9
2.74700E+3	15.5451E-9
2.74800E+3	15.5673E-9
2.74900E+3	15.5630E-9
2.75000E+3	15.5214E-9
2.75100E+3	15.4319E-9
2.75200E+3	15.3681E-9
2.75300E+3	15.3553E-9
2.75400E+3	15.3906E-9
2.75500E+3	15.4738E-9
2.75600E+3	15.5263E-9
2.75700E+3	15.5470E-9
2.75800E+3	15.5138E-9
2.75900E+3	15.4457E-9
2.76000E+3	15.3517E-9
2.76100E+3	15.2930E-9
2.76200E+3	15.3039E-9
2.76300E+3	15.3650E-9
2.76400E+3	15.4484E-9
2.76500E+3	15.4948E-9
2.76600E+3	15.4971E-9
2.76700E+3	15.4469E-9
2.76800E+3	15.3590E-9
2.76900E+3	15.2695E-9
2.77000E+3	15.2312E-9
2.77100E+3	15.2645E-9
2.77200E+3	15.3478E-9
2.77300E+3	15.4194E-9
2.77400E+3	15.4623E-9
2.77500E+3	15.4372E-9
2.77600E+3	15.3606E-9
2.77700E+3	15.2684E-9
2.77800E+3	15.1860E-9
2.77900E+3	15.1778E-9
2.78000E+3	15.2366E-9
2.78100E+3	15.3154E-9
2.78200E+3	15.3936E-9
2.78300E+3	15.4093E-9
2.78400E+3	15.3704E-9
2.78500E+3	15.2709E-9
2.78600E+3	15.1808E-9
2.78700E+3	15.1243E-9
2.78800E+3	15.1437E-9
2.78901E+3	15.1349E-9
2.79000E+3	15.2144E-9
2.79100E+3	15.2952E-9
2.79200E+3	15.3530E-9
2.79300E+3	15.3432E-9
2.79400E+3	15.2618E-9
2.79500E+3	15.1689E-9
2.79600E+3	15.0799E-9
2.79700E+3	15.0580E-9
2.79800E+3	15.1032E-9
2.79900E+3	15.1873E-9
2.80000E+3	15.2667E-9
2.80100E+3	15.2878E-9
2.80200E+3	15.2566E-9
2.80300E+3	15.1671E-9
2.80400E+3	15.0713E-9
2.80500E+3	15.0054E-9
2.80601E+3	15.0057E-9
2.80700E+3	15.0737E-9
2.80800E+3	15.1532E-9
2.80900E+3	15.2154E-9
2.81000E+3	15.2210E-9
2.81100E+3	15.1646E-9
2.81200E+3	15.0723E-9
2.81300E+3	14.9779E-9
2.81400E+3	14.9398E-9
2.81500E+3	14.9619E-9
2.81601E+3	15.0420E-9
2.81700E+3	15.1167E-9
2.81800E+3	15.1600E-9
2.81901E+3	15.1374E-9
2.82000E+3	15.0706E-9
2.82100E+3	14.9785E-9
2.82200E+3	14.8914E-9
2.82300E+3	14.8766E-9
2.82401E+3	14.9285E-9
2.82500E+3	15.0074E-9
2.82601E+3	15.0687E-9
2.82700E+3	15.0947E-9
2.82800E+3	15.0515E-9
2.82900E+3	14.9780E-9
2.83000E+3	14.8837E-9
2.83100E+3	14.8258E-9
2.83202E+3	14.8336E-9
2.83300E+3	14.8996E-9
2.83400E+3	14.9782E-9
2.83500E+3	15.0167E-9
2.83600E+3	15.0188E-9
2.83700E+3	14.9694E-9
2.83800E+3	14.8859E-9
2.83900E+3	14.8017E-9
2.84000E+3	14.7548E-9
2.84100E+3	14.7873E-9
2.84200E+3	14.8625E-9
2.84300E+3	14.9224E-9
2.84400E+3	14.9475E-9
2.84500E+3	14.9355E-9
2.84600E+3	14.8808E-9
2.84700E+3	14.7881E-9
2.84800E+3	14.7227E-9
2.84900E+3	14.7065E-9
2.85000E+3	14.7501E-9
2.85100E+3	14.8298E-9
2.85200E+3	14.8650E-9
2.85300E+3	14.8671E-9
2.85400E+3	14.8430E-9
2.85500E+3	14.7802E-9
2.85600E+3	14.7005E-9
2.85700E+3	14.6567E-9
2.85800E+3	14.6666E-9
2.85900E+3	14.7126E-9
2.86000E+3	14.7713E-9
2.86100E+3	14.7911E-9
2.86200E+3	14.7842E-9
2.86300E+3	14.7521E-9
2.86400E+3	14.6721E-9
2.86500E+3	14.6127E-9
2.86600E+3	14.5884E-9
2.86700E+3	14.6083E-9
2.86800E+3	14.6659E-9
2.86900E+3	14.7228E-9
2.87000E+3	14.7226E-9
2.87100E+3	14.7163E-9
2.87200E+3	14.6614E-9
2.87300E+3	14.5786E-9
2.87400E+3	14.5299E-9
2.87500E+3	14.5215E-9
2.87600E+3	14.5531E-9
2.87700E+3	14.6226E-9
2.87800E+3	14.6659E-9
2.87900E+3	14.6598E-9
2.88000E+3	14.6473E-9
2.88100E+3	14.5651E-9
2.88200E+3	14.4987E-9
2.88300E+3	14.4746E-9
2.88400E+3	14.4757E-9
2.88500E+3	14.5141E-9
2.88600E+3	14.5882E-9
2.88700E+3	14.6018E-9
2.88800E+3	14.5972E-9
2.88900E+3	14.5659E-9
2.89000E+3	14.4745E-9
2.89100E+3	14.4262E-9
2.89200E+3	14.4192E-9
2.89300E+3	14.4225E-9
2.89400E+3	14.4847E-9
2.89500E+3	14.5405E-9
2.89600E+3	14.5379E-9
2.89700E+3	14.5347E-9
2.89800E+3	14.4777E-9
2.89900E+3	14.3897E-9
2.90000E+3	14.3697E-9
2.90100E+3	14.3633E-9
2.90200E+3	14.3822E-9
2.90300E+3	14.4595E-9
2.90400E+3	14.4915E-9
2.90500E+3	14.4878E-9
2.90600E+3	14.4632E-9
2.90700E+3	14.3904E-9
2.90800E+3	14.3196E-9
2.90901E+3	14.3147E-9
2.91000E+3	14.3099E-9
2.91100E+3	14.3491E-9
2.91200E+3	14.4091E-9
2.91300E+3	14.4270E-9
2.91400E+3	14.4180E-9
2.91500E+3	14.3744E-9
2.91601E+3	14.2917E-9
2.91700E+3	14.2545E-9
2.91800E+3	14.2475E-9
2.91900E+3	14.2542E-9
2.92000E+3	14.3214E-9
2.92100E+3	14.3575E-9
2.92200E+3	14.3662E-9
2.92300E+3	14.3429E-9
2.92400E+3	14.2839E-9
2.92500E+3	14.2125E-9
2.92600E+3	14.1947E-9
2.92700E+3	14.1885E-9
2.92800E+3	14.2119E-9
2.92900E+3	14.2622E-9
2.93000E+3	14.2982E-9
2.93100E+3	14.2957E-9
2.93200E+3	14.2516E-9
2.93300E+3	14.1975E-9
2.93400E+3	14.1429E-9
2.93500E+3	14.1342E-9
2.93600E+3	14.1323E-9
2.93700E+3	14.1745E-9
2.93800E+3	14.2163E-9
2.93900E+3	14.2477E-9
2.94000E+3	14.2222E-9
2.94100E+3	14.1719E-9
2.94200E+3	14.1272E-9
2.94300E+3	14.0841E-9
2.94400E+3	14.0737E-9
2.94500E+3	14.1003E-9
2.94600E+3	14.1336E-9
2.94700E+3	14.1727E-9
2.94800E+3	14.1925E-9
2.94900E+3	14.1520E-9
2.95000E+3	14.0956E-9
2.95100E+3	14.0456E-9
2.95200E+3	14.0040E-9
2.95300E+3	14.0092E-9
2.95400E+3	14.0507E-9
2.95500E+3	14.0858E-9
2.95600E+3	14.1243E-9
2.95700E+3	14.1282E-9
2.95800E+3	14.0800E-9
2.95900E+3	14.0259E-9
2.96000E+3	13.9753E-9
2.96100E+3	13.9418E-9
2.96200E+3	13.9728E-9
2.96300E+3	14.0093E-9
2.96400E+3	14.0546E-9
2.96500E+3	14.0838E-9
2.96600E+3	14.0591E-9
2.96700E+3	14.0070E-9
2.96800E+3	13.9464E-9
2.96900E+3	13.8950E-9
2.97000E+3	13.8857E-9
2.97100E+3	13.9233E-9
2.97200E+3	13.9725E-9
2.97300E+3	14.0160E-9
2.97400E+3	14.0235E-9
2.97500E+3	13.9902E-9
2.97600E+3	13.9200E-9
2.97700E+3	13.8688E-9
2.97800E+3	13.8187E-9
2.97900E+3	13.8411E-9
2.98000E+3	13.8789E-9
2.98100E+3	13.9434E-9
2.98200E+3	13.9733E-9
2.98300E+3	13.9678E-9
2.98400E+3	13.9219E-9
2.98500E+3	13.8427E-9
2.98600E+3	13.7906E-9
2.98700E+3	13.7600E-9
2.98800E+3	13.7946E-9
2.98900E+3	13.8413E-9
2.99000E+3	13.9082E-9
2.99100E+3	13.9187E-9
2.99200E+3	13.9055E-9
2.99300E+3	13.8339E-9
2.99400E+3	13.7583E-9
2.99500E+3	13.7077E-9
2.99600E+3	13.7054E-9
2.99700E+3	13.7435E-9
2.99800E+3	13.8128E-9
2.99900E+3	13.8680E-9
3.00000E+3	13.8658E-9
3.00100E+3	13.8384E-9
3.00200E+3	13.7470E-9
3.00300E+3	13.6714E-9
3.00400E+3	13.6285E-9
3.00500E+3	13.6474E-9
3.00600E+3	13.7024E-9
3.00700E+3	13.7663E-9
3.00800E+3	13.8582E-9
3.00900E+3	13.8547E-9
3.01001E+3	13.7225E-9
3.01100E+3	13.7988E-9
3.01200E+3	13.8620E-9
3.01300E+3	13.8968E-9
3.01400E+3	13.8925E-9
3.01500E+3	13.8836E-9
3.01600E+3	13.8745E-9
3.01700E+3	13.8630E-9
3.01800E+3	13.8335E-9
3.01900E+3	13.4342E-9
3.02000E+3	13.4361E-9
3.02100E+3	13.4550E-9
3.02200E+3	13.4469E-9
3.02300E+3	13.4492E-9
3.02400E+3	13.4309E-9
3.02500E+3	13.4379E-9
3.02600E+3	13.3910E-9
3.02700E+3	13.4425E-9
3.02800E+3	13.3425E-9
3.02900E+3	13.4319E-9
3.03000E+3	13.4955E-9
3.03100E+3	13.2778E-9
3.03200E+3	13.4613E-9
3.03300E+3	13.3693E-9
3.03400E+3	13.2949E-9
3.03500E+3	13.2545E-9
3.03600E+3	13.2795E-9
3.03700E+3	13.3180E-9
3.03800E+3	13.3972E-9
3.03900E+3	13.2100E-9
3.04000E+3	13.2543E-9
3.04100E+3	13.3408E-9
3.04200E+3	13.4034E-9
3.04300E+3	13.3973E-9
3.04400E+3	13.3653E-9
3.04500E+3	13.2722E-9
3.04600E+3	13.2053E-9
3.04700E+3	13.1716E-9
3.04800E+3	13.3734E-9
3.04900E+3	13.2438E-9
3.05000E+3	13.3160E-9
3.05100E+3	13.1688E-9
3.05200E+3	13.3482E-9
3.05300E+3	13.2793E-9
3.05400E+3	13.1858E-9
3.05500E+3	13.1444E-9
3.05600E+3	13.1195E-9
3.05700E+3	13.1564E-9
3.05800E+3	13.2159E-9
3.05900E+3	13.2923E-9
3.06000E+3	13.3072E-9
3.06100E+3	13.2794E-9
3.06200E+3	13.2063E-9
3.06300E+3	13.1416E-9
3.06400E+3	13.0946E-9
3.06500E+3	13.1062E-9
3.06600E+3	13.1436E-9
3.06700E+3	13.2112E-9
3.06800E+3	13.2501E-9
3.06900E+3	13.2518E-9
3.07000E+3	13.2094E-9
3.07100E+3	13.1379E-9
3.07200E+3	13.0949E-9
3.07300E+3	13.0503E-9
3.07400E+3	13.0848E-9
3.07500E+3	13.1224E-9
3.07600E+3	13.1101E-9
3.07700E+3	13.2088E-9
3.07800E+3	13.1892E-9
3.07900E+3	13.1383E-9
3.08000E+3	13.0815E-9
3.08100E+3	13.0322E-9
3.08200E+3	13.0192E-9
3.08300E+3	13.0559E-9
3.08400E+3	13.1012E-9
3.08500E+3	13.1436E-9
3.08600E+3	12.9988E-9
3.08700E+3	12.9948E-9
3.08800E+3	13.0308E-9
3.08900E+3	13.0830E-9
3.09000E+3	13.1211E-9
3.09100E+3	13.1389E-9
3.09200E+3	13.0921E-9
3.09300E+3	13.0373E-9
3.09400E+3	12.9771E-9
3.09500E+3	12.9492E-9
3.09600E+3	12.9613E-9
3.09700E+3	13.0122E-9
3.09800E+3	13.0618E-9
3.09900E+3	13.1005E-9
3.10000E+3	13.0871E-9
3.10100E+3	13.0405E-9
3.10200E+3	12.9706E-9
3.10300E+3	12.9175E-9
3.10400E+3	12.9104E-9
3.10500E+3	12.9259E-9
3.10600E+3	12.9936E-9
3.10700E+3	13.0372E-9
3.10800E+3	13.0626E-9
3.10900E+3	13.0300E-9
3.11000E+3	12.9771E-9
3.11100E+3	12.8903E-9
3.11200E+3	12.8671E-9
3.11300E+3	12.8587E-9
3.11400E+3	12.8988E-9
3.11500E+3	12.9711E-9
3.11600E+3	13.0089E-9
3.11700E+3	13.0102E-9
3.11800E+3	12.9693E-9
3.11900E+3	12.8978E-9
3.12000E+3	12.8265E-9
3.12100E+3	12.8178E-9
3.12200E+3	12.8146E-9
3.12300E+3	12.8798E-9
3.12400E+3	12.9464E-9
3.12500E+3	12.9668E-9
3.12600E+3	12.9594E-9
3.12700E+3	12.9074E-9
3.12800E+3	12.8261E-9
3.12900E+3	12.7769E-9
3.13000E+3	12.7746E-9
3.13100E+3	12.7871E-9
3.13200E+3	12.8653E-9
3.13300E+3	12.9289E-9
3.13400E+3	12.9287E-9
3.13500E+3	12.9192E-9
3.13600E+3	12.8423E-9
3.13700E+3	12.7598E-9
3.13800E+3	12.7372E-9
3.13900E+3	12.7314E-9
3.14000E+3	12.7771E-9
3.14100E+3	12.8587E-9
3.14200E+3	12.8909E-9
3.14300E+3	12.8861E-9
3.14400E+3	12.8533E-9
3.14500E+3	12.7544E-9
3.14600E+3	12.6936E-9
3.14700E+3	12.6762E-9
3.14800E+3	12.6936E-9
3.14900E+3	12.7587E-9
3.15000E+3	12.8409E-9
3.15100E+3	12.8463E-9
3.15200E+3	12.8410E-9
3.15300E+3	12.7775E-9
3.15400E+3	12.6872E-9
3.15500E+3	12.6404E-9
3.15600E+3	12.6330E-9
3.15700E+3	12.6694E-9
3.15800E+3	12.7485E-9
3.15901E+3	12.8092E-9
3.16000E+3	12.8047E-9
3.16100E+3	12.7832E-9
3.16200E+3	12.6998E-9
3.16300E+3	12.6197E-9
3.16400E+3	12.5807E-9
3.16500E+3	12.5972E-9
3.16600E+3	12.6512E-9
3.16700E+3	12.7464E-9
3.16800E+3	12.7748E-9
3.16900E+3	12.7715E-9
3.17000E+3	12.7311E-9
3.17100E+3	12.6295E-9
3.17200E+3	12.5664E-9
3.17300E+3	12.5355E-9
3.17400E+3	12.5726E-9
3.17500E+3	12.6505E-9
3.17600E+3	12.7227E-9
3.17700E+3	12.7460E-9
3.17800E+3	12.7222E-9
3.17900E+3	12.6638E-9
3.18000E+3	12.5641E-9
3.18100E+3	12.5089E-9
3.18200E+3	12.5056E-9
3.18300E+3	12.5561E-9
3.18400E+3	12.6459E-9
3.18500E+3	12.6900E-9
3.18600E+3	12.7013E-9
3.18700E+3	12.6627E-9
3.18800E+3	12.5806E-9
3.18900E+3	12.5004E-9
3.19000E+3	12.4517E-9
3.19100E+3	12.4772E-9
3.19200E+3	12.5572E-9
3.19300E+3	12.6402E-9
3.19400E+3	12.6733E-9
3.19500E+3	12.6630E-9
3.19600E+3	12.6006E-9
3.19700E+3	12.5111E-9
3.19800E+3	12.4209E-9
3.19900E+3	12.4047E-9
3.20000E+3	12.4617E-9
3.20100E+3	12.5397E-9
3.20200E+3	12.6123E-9
3.20300E+3	12.6447E-9
3.20400E+3	12.6072E-9
3.20500E+3	12.5258E-9
3.20600E+3	12.4327E-9
3.20700E+3	12.3571E-9
3.20800E+3	12.3629E-9
3.20900E+3	12.4428E-9
3.21000E+3	12.5246E-9
3.21100E+3	12.5940E-9
3.21200E+3	12.6106E-9
3.21300E+3	12.5411E-9
3.21400E+3	12.4477E-9
3.21500E+3	12.3581E-9
3.21600E+3	12.3125E-9
3.21700E+3	12.3459E-9
3.21800E+3	12.4288E-9
3.21900E+3	12.5061E-9
3.22000E+3	12.5660E-9
3.22100E+3	12.5472E-9
3.22200E+3	12.4602E-9
3.22300E+3	12.3662E-9
3.22400E+3	12.2836E-9
3.22500E+3	12.2658E-9
3.22600E+3	12.3237E-9
3.22700E+3	12.4033E-9
3.22800E+3	12.4838E-9
3.22900E+3	12.5161E-9
3.23000E+3	12.4668E-9
3.23100E+3	12.3764E-9
3.23200E+3	12.2855E-9
3.23300E+3	12.2281E-9
3.23400E+3	12.2442E-9
3.23500E+3	12.3102E-9
3.23600E+3	12.3909E-9
3.23700E+3	12.4663E-9
3.23800E+3	12.4704E-9
3.23900E+3	12.3943E-9
3.24000E+3	12.3034E-9
3.24100E+3	12.2280E-9
3.24200E+3	12.1937E-9
3.24300E+3	12.2261E-9
3.24401E+3	12.2952E-9
3.24500E+3	12.3758E-9
3.24600E+3	12.4251E-9
3.24700E+3	12.3982E-9
3.24800E+3	12.3145E-9
3.24900E+3	12.2164E-9
3.25000E+3	12.1670E-9
3.25100E+3	12.1623E-9
3.25200E+3	12.1998E-9
3.25300E+3	12.2852E-9
3.25400E+3	12.3550E-9
3.25500E+3	12.3774E-9
3.25600E+3	12.3289E-9
3.25700E+3	12.2395E-9
3.25800E+3	12.1552E-9
3.25900E+3	12.1215E-9
3.26000E+3	12.1213E-9
3.26100E+3	12.1716E-9
3.26201E+3	12.2653E-9
3.26300E+3	12.3178E-9
3.26400E+3	12.3181E-9
3.26500E+3	12.2549E-9
3.26600E+3	12.1528E-9
3.26700E+3	12.0904E-9
3.26800E+3	12.0858E-9
3.26900E+3	12.0788E-9
3.27000E+3	12.0890E-9
3.27100E+3	12.1718E-9
3.27200E+3	12.2410E-9
3.27300E+3	12.2667E-9
3.27400E+3	12.2262E-9
3.27500E+3	12.1434E-9
3.27600E+3	12.0433E-9
3.27700E+3	12.0005E-9
3.27800E+3	11.9957E-9
3.27900E+3	12.0288E-9
3.28000E+3	12.1183E-9
3.28100E+3	12.1743E-9
3.28200E+3	12.1808E-9
3.28300E+3	12.1303E-9
3.28400E+3	12.0314E-9
3.28500E+3	11.9514E-9
3.28600E+3	11.9124E-9
3.28700E+3	11.9317E-9
3.28800E+3	11.9960E-9
3.28900E+3	12.0755E-9
3.29000E+3	12.1210E-9
3.29100E+3	12.0981E-9
3.29200E+3	12.0214E-9
3.29300E+3	11.9216E-9
3.29400E+3	11.8616E-9
3.29500E+3	11.8489E-9
3.29600E+3	11.8774E-9
3.29700E+3	11.9536E-9
3.29800E+3	12.0293E-9
3.29900E+3	12.0588E-9
3.30000E+3	12.0089E-9
3.30100E+3	11.9148E-9
3.30200E+3	11.8226E-9
3.30300E+3	11.7740E-9
3.30400E+3	11.7791E-9
3.30500E+3	11.8249E-9
3.30600E+3	11.9061E-9
3.30700E+3	11.9709E-9
3.30800E+3	11.9723E-9
3.30900E+3	11.8961E-9
3.31000E+3	11.8016E-9
3.31100E+3	11.7178E-9
3.31200E+3	11.6753E-9
3.31300E+3	11.7068E-9
3.31400E+3	11.7810E-9
3.31500E+3	11.8579E-9
3.31600E+3	11.9113E-9
3.31700E+3	11.8845E-9
3.31800E+3	11.7912E-9
3.31900E+3	11.6992E-9
3.32000E+3	11.6284E-9
3.32100E+3	11.6152E-9
3.32200E+3	11.6624E-9
3.32301E+3	11.7406E-9
3.32400E+3	11.8203E-9
3.32500E+3	11.8425E-9
3.32600E+3	11.7827E-9
3.32700E+3	11.6897E-9
3.32800E+3	11.5937E-9
3.32900E+3	11.5349E-9
3.33000E+3	11.5520E-9
3.33100E+3	11.6187E-9
3.33200E+3	11.6956E-9
3.33300E+3	11.7668E-9
3.33400E+3	11.7605E-9
3.33500E+3	11.6722E-9
3.33601E+3	11.5850E-9
3.33700E+3	11.4889E-9
3.33800E+3	11.4484E-9
3.33900E+3	11.4976E-9
3.34000E+3	11.5722E-9
3.34100E+3	11.6500E-9
3.34200E+3	11.6986E-9
3.34300E+3	11.6607E-9
3.34400E+3	11.5676E-9
3.34500E+3	11.4752E-9
3.34600E+3	11.3909E-9
3.34700E+3	11.3834E-9
3.34800E+3	11.4585E-9
3.34900E+3	11.5316E-9
3.35000E+3	11.6034E-9
3.35100E+3	11.6231E-9
3.35200E+3	11.5614E-9
3.35300E+3	11.4722E-9
3.35400E+3	11.3730E-9
3.35500E+3	11.3191E-9
3.35600E+3	11.3348E-9
3.35700E+3	11.4140E-9
3.35800E+3	11.4930E-9
3.35900E+3	11.5437E-9
3.36000E+3	11.5276E-9
3.36100E+3	11.4563E-9
3.36200E+3	11.3634E-9
3.36300E+3	11.2656E-9
3.36400E+3	11.2445E-9
3.36500E+3	11.2845E-9
3.36600E+3	11.3621E-9
3.36700E+3	11.4300E-9
3.36800E+3	11.4623E-9
3.36900E+3	11.4244E-9
3.37000E+3	11.3451E-9
3.37100E+3	11.2486E-9
3.37200E+3	11.1720E-9
3.37300E+3	11.1697E-9
3.37400E+3	11.2385E-9
3.37500E+3	11.3174E-9
3.37600E+3	11.3655E-9
3.37700E+3	11.3753E-9
3.37800E+3	11.3226E-9
3.37900E+3	11.2305E-9
3.38000E+3	11.1449E-9
3.38100E+3	11.1021E-9
3.38200E+3	11.1275E-9
3.38300E+3	11.1988E-9
3.38400E+3	11.2763E-9
3.38500E+3	11.3097E-9
3.38600E+3	11.2896E-9
3.38700E+3	11.2370E-9
3.38800E+3	11.1425E-9
3.38900E+3	11.0645E-9
3.39000E+3	11.0409E-9
3.39100E+3	11.0846E-9
3.39200E+3	11.1611E-9
3.39300E+3	11.2137E-9
3.39400E+3	11.2259E-9
3.39500E+3	11.1899E-9
3.39600E+3	11.1180E-9
3.39700E+3	11.0253E-9
3.39800E+3	10.9677E-9
3.39900E+3	10.9793E-9
3.40000E+3	11.0355E-9
3.40100E+3	11.1103E-9
3.40200E+3	11.1425E-9
3.40300E+3	11.1391E-9
3.40400E+3	11.0928E-9
3.40500E+3	11.0110E-9
3.40600E+3	10.9371E-9
3.40700E+3	10.8940E-9
3.40800E+3	10.9221E-9
3.40900E+3	10.9844E-9
3.41000E+3	11.0456E-9
3.41100E+3	11.0600E-9
3.41200E+3	11.0497E-9
3.41300E+3	10.9954E-9
3.41400E+3	10.8992E-9
3.41500E+3	10.8477E-9
3.41600E+3	10.8338E-9
3.41700E+3	10.8678E-9
3.41800E+3	10.9408E-9
3.41900E+3	10.9887E-9
3.42000E+3	10.9868E-9
3.42100E+3	10.9681E-9
3.42200E+3	10.8855E-9
3.42300E+3	10.8009E-9
3.42400E+3	10.7558E-9
3.42500E+3	10.7656E-9
3.42600E+3	10.8028E-9
3.42700E+3	10.8862E-9
3.42800E+3	10.9138E-9
3.42900E+3	10.9050E-9
3.43000E+3	10.8668E-9
3.43100E+3	10.7675E-9
3.43200E+3	10.7091E-9
3.43300E+3	10.6813E-9
3.43400E+3	10.6998E-9
3.43500E+3	10.7590E-9
3.43600E+3	10.8302E-9
3.43700E+3	10.8311E-9
3.43800E+3	10.8206E-9
3.43900E+3	10.7512E-9
3.44000E+3	10.6591E-9
3.44100E+3	10.6116E-9
3.44200E+3	10.6032E-9
3.44300E+3	10.6322E-9
3.44400E+3	10.7072E-9
3.44500E+3	10.7628E-9
3.44600E+3	10.7545E-9
3.44700E+3	10.7384E-9
3.44800E+3	10.6480E-9
3.44900E+3	10.5675E-9
3.45000E+3	10.5462E-9
3.45100E+3	10.5425E-9
3.45200E+3	10.5945E-9
3.45300E+3	10.6691E-9
3.45400E+3	10.6891E-9
3.45500E+3	10.6763E-9
3.45600E+3	10.6361E-9
3.45700E+3	10.5448E-9
3.45800E+3	10.4777E-9
3.45900E+3	10.4686E-9
3.46000E+3	10.4648E-9
3.46100E+3	10.5419E-9
3.46200E+3	10.5998E-9
3.46300E+3	10.6079E-9
3.46400E+3	10.5931E-9
3.46500E+3	10.5296E-9
3.46600E+3	10.4373E-9
3.46700E+3	10.4112E-9
3.46800E+3	10.4037E-9
3.46900E+3	10.4277E-9
3.47000E+3	10.4988E-9
3.47100E+3	10.5329E-9
3.47200E+3	10.5279E-9
3.47300E+3	10.4911E-9
3.47400E+3	10.4219E-9
3.47500E+3	10.3426E-9
3.47600E+3	10.3348E-9
3.47700E+3	10.3273E-9
3.47800E+3	10.3785E-9
3.47900E+3	10.4316E-9
3.48000E+3	10.4580E-9
3.48100E+3	10.4438E-9
3.48200E+3	10.3951E-9
3.48300E+3	10.3243E-9
3.48400E+3	10.2722E-9
3.48500E+3	10.2662E-9
3.48600E+3	10.2707E-9
3.48700E+3	10.3308E-9
3.48800E+3	10.3663E-9
3.48900E+3	10.3840E-9
3.49000E+3	10.3520E-9
3.49100E+3	10.3006E-9
3.49200E+3	10.2289E-9
3.49300E+3	10.2011E-9
3.49400E+3	10.1941E-9
3.49500E+3	10.2226E-9
3.49600E+3	10.2735E-9
3.49700E+3	10.3086E-9
3.49800E+3	10.4082E-9
3.49900E+3	10.4705E-9
3.50000E+3	10.4639E-9
3.50100E+3	10.4570E-9
3.50200E+3	10.4503E-9
3.50300E+3	10.4434E-9
3.50400E+3	10.4362E-9
3.50500E+3	10.4295E-9
3.50600E+3	10.4222E-9
3.50700E+3	10.4180E-9
3.50800E+3	10.4106E-9
3.50900E+3	10.4057E-9
3.51000E+3	10.3983E-9
3.51100E+3	10.3932E-9
3.51200E+3	10.3885E-9
3.51300E+3	10.3821E-9
3.51400E+3	10.3775E-9
3.51500E+3	10.3719E-9
3.51600E+3	10.3662E-9
3.51700E+3	10.3620E-9
3.51800E+3	10.3539E-9
3.51900E+3	10.3479E-9
3.52000E+3	10.3406E-9
3.52100E+3	10.3337E-9
3.52200E+3	10.3236E-9
3.52300E+3	10.3142E-9
3.52400E+3	10.3043E-9
3.52500E+3	10.2950E-9
3.52600E+3	10.2928E-9
3.52700E+3	10.2867E-9
3.52800E+3	10.2787E-9
3.52900E+3	10.2742E-9
3.53000E+3	10.2671E-9
3.53100E+3	10.2633E-9
3.53200E+3	10.2549E-9
3.53300E+3	10.2488E-9
3.53400E+3	10.2416E-9
3.53500E+3	10.2346E-9
3.53600E+3	10.2305E-9
3.53700E+3	10.2246E-9
3.53800E+3	10.2186E-9
3.53900E+3	10.2138E-9
3.54000E+3	10.2077E-9
3.54100E+3	10.2024E-9
3.54200E+3	10.1978E-9
3.54300E+3	10.1910E-9
3.54400E+3	10.1854E-9
3.54500E+3	10.1785E-9
3.54600E+3	10.1720E-9
3.54700E+3	10.1668E-9
3.54800E+3	10.1587E-9
3.54900E+3	10.1538E-9
3.55000E+3	10.1462E-9
3.55100E+3	10.1407E-9
3.55200E+3	10.1374E-9
3.55300E+3	10.1302E-9
3.55400E+3	10.1238E-9
3.55500E+3	10.1174E-9
3.55600E+3	10.1099E-9
3.55700E+3	10.1027E-9
3.55800E+3	10.0950E-9
3.55900E+3	10.0887E-9
3.56000E+3	10.0813E-9
3.56100E+3	10.0737E-9
3.56200E+3	10.0661E-9
3.56300E+3	10.0587E-9
3.56400E+3	10.0513E-9
3.56500E+3	10.0452E-9
