Experiment	CLAM-python-txt
Date	28/01/16 11:55
User	Danilo A. Zanin
Clam Mode	CAE
Pass Energy (eV)	100.0
Focus Mode	3
Focus Value	0.6
Integration Time (ms)	1000.0
Loops	2
Channeltron Rear (V)	3600.0
Channeltron Front (V)	200.0
Comment	Header modified manually to use functions of nanonis

[DATA]
Energy [eV]	Counts	L1 [V]	L2 [V]	Ch_rear [V]	Ch_front [V]	H+ [V]	H- [V]	Retarder [V]
17.0	0	44.846	44.846	3783.0	183.0	101.867924528	64.1320754717	83.0
17.25	1	45.5055	45.5055	3782.75	182.75	101.617924528	63.8820754717	82.75
17.5	2	46.165	46.165	3782.5	182.5	101.367924528	63.6320754717	82.5
17.75	6	46.8245	46.8245	3782.25	182.25	101.117924528	63.3820754717	82.25
18.0	9	47.484	47.484	3782.0	182.0	100.867924528	63.1320754717	82.0
18.25	8	48.1435	48.1435	3781.75	181.75	100.617924528	62.8820754717	81.75
18.5	17	48.803	48.803	3781.5	181.5	100.367924528	62.6320754717	81.5
18.75	16	49.4625	49.4625	3781.25	181.25	100.117924528	62.3820754717	81.25
19.0	25	50.122	50.122	3781.0	181.0	99.8679245283	62.1320754717	81.0
19.25	18	50.7815	50.7815	3780.75	180.75	99.6179245283	61.8820754717	80.75
19.5	26	51.441	51.441	3780.5	180.5	99.3679245283	61.6320754717	80.5
19.75	36	52.1005	52.1005	3780.25	180.25	99.1179245283	61.3820754717	80.25
20.0	55	52.76	52.76	3780.0	180.0	98.8679245283	61.1320754717	80.0
20.25	44	53.4195	53.4195	3779.75	179.75	98.6179245283	60.8820754717	79.75
20.5	78	54.079	54.079	3779.5	179.5	98.3679245283	60.6320754717	79.5
20.75	62	54.7385	54.7385	3779.25	179.25	98.1179245283	60.3820754717	79.25
21.0	54	55.398	55.398	3779.0	179.0	97.8679245283	60.1320754717	79.0
21.25	75	56.0575	56.0575	3778.75	178.75	97.6179245283	59.8820754717	78.75
21.5	83	56.717	56.717	3778.5	178.5	97.3679245283	59.6320754717	78.5
21.75	91	57.3765	57.3765	3778.25	178.25	97.1179245283	59.3820754717	78.25
22.0	78	58.036	58.036	3778.0	178.0	96.8679245283	59.1320754717	78.0
22.25	65	58.6955	58.6955	3777.75	177.75	96.6179245283	58.8820754717	77.75
22.5	80	59.355	59.355	3777.5	177.5	96.3679245283	58.6320754717	77.5
22.75	96	60.0145	60.0145	3777.25	177.25	96.1179245283	58.3820754717	77.25
23.0	86	60.674	60.674	3777.0	177.0	95.8679245283	58.1320754717	77.0
23.25	102	61.3335	61.3335	3776.75	176.75	95.6179245283	57.8820754717	76.75
23.5	102	61.993	61.993	3776.5	176.5	95.3679245283	57.6320754717	76.5
23.75	84	62.6525	62.6525	3776.25	176.25	95.1179245283	57.3820754717	76.25
24.0	75	63.312	63.312	3776.0	176.0	94.8679245283	57.1320754717	76.0
24.25	63	63.9715	63.9715	3775.75	175.75	94.6179245283	56.8820754717	75.75
24.5	63	64.631	64.631	3775.5	175.5	94.3679245283	56.6320754717	75.5
24.75	71	65.2905	65.2905	3775.25	175.25	94.1179245283	56.3820754717	75.25
25.0	63	65.95	65.95	3775.0	175.0	93.8679245283	56.1320754717	75.0
25.25	72	66.6095	66.6095	3774.75	174.75	93.6179245283	55.8820754717	74.75
25.5	70	67.269	67.269	3774.5	174.5	93.3679245283	55.6320754717	74.5
25.75	64	67.9285	67.9285	3774.25	174.25	93.1179245283	55.3820754717	74.25
26.0	61	68.588	68.588	3774.0	174.0	92.8679245283	55.1320754717	74.0
26.25	49	69.2475	69.2475	3773.75	173.75	92.6179245283	54.8820754717	73.75
26.5	42	69.907	69.907	3773.5	173.5	92.3679245283	54.6320754717	73.5
26.75	53	70.5665	70.5665	3773.25	173.25	92.1179245283	54.3820754717	73.25
27.0	55	71.226	71.226	3773.0	173.0	91.8679245283	54.1320754717	73.0
27.25	53	71.8855	71.8855	3772.75	172.75	91.6179245283	53.8820754717	72.75
27.5	50	72.545	72.545	3772.5	172.5	91.3679245283	53.6320754717	72.5
27.75	51	73.2045	73.2045	3772.25	172.25	91.1179245283	53.3820754717	72.25
28.0	46	73.864	73.864	3772.0	172.0	90.8679245283	53.1320754717	72.0
28.25	47	74.5235	74.5235	3771.75	171.75	90.6179245283	52.8820754717	71.75
28.5	37	75.183	75.183	3771.5	171.5	90.3679245283	52.6320754717	71.5
28.75	30	75.8425	75.8425	3771.25	171.25	90.1179245283	52.3820754717	71.25
29.0	43	76.502	76.502	3771.0	171.0	89.8679245283	52.1320754717	71.0
29.25	36	77.1615	77.1615	3770.75	170.75	89.6179245283	51.8820754717	70.75
29.5	35	77.821	77.821	3770.5	170.5	89.3679245283	51.6320754717	70.5
29.75	48	78.4805	78.4805	3770.25	170.25	89.1179245283	51.3820754717	70.25
30.0	38	79.14	79.14	3770.0	170.0	88.8679245283	51.1320754717	70.0
30.25	33	79.7995	79.7995	3769.75	169.75	88.6179245283	50.8820754717	69.75
30.5	40	80.459	80.459	3769.5	169.5	88.3679245283	50.6320754717	69.5
30.75	32	81.1185	81.1185	3769.25	169.25	88.1179245283	50.3820754717	69.25
31.0	33	81.778	81.778	3769.0	169.0	87.8679245283	50.1320754717	69.0
31.25	38	82.4375	82.4375	3768.75	168.75	87.6179245283	49.8820754717	68.75
31.5	29	83.097	83.097	3768.5	168.5	87.3679245283	49.6320754717	68.5
31.75	43	83.7565	83.7565	3768.25	168.25	87.1179245283	49.3820754717	68.25
32.0	29	84.416	84.416	3768.0	168.0	86.8679245283	49.1320754717	68.0
32.25	34	85.0755	85.0755	3767.75	167.75	86.6179245283	48.8820754717	67.75
32.5	25	85.735	85.735	3767.5	167.5	86.3679245283	48.6320754717	67.5
32.75	27	86.3945	86.3945	3767.25	167.25	86.1179245283	48.3820754717	67.25
33.0	25	87.054	87.054	3767.0	167.0	85.8679245283	48.1320754717	67.0
33.25	32	87.7135	87.7135	3766.75	166.75	85.6179245283	47.8820754717	66.75
33.5	26	88.373	88.373	3766.5	166.5	85.3679245283	47.6320754717	66.5
33.75	29	89.0325	89.0325	3766.25	166.25	85.1179245283	47.3820754717	66.25
34.0	14	89.692	89.692	3766.0	166.0	84.8679245283	47.1320754717	66.0
34.25	25	90.3515	90.3515	3765.75	165.75	84.6179245283	46.8820754717	65.75
34.5	19	91.011	91.011	3765.5	165.5	84.3679245283	46.6320754717	65.5
34.75	24	91.6705	91.6705	3765.25	165.25	84.1179245283	46.3820754717	65.25
35.0	22	92.33	92.33	3765.0	165.0	83.8679245283	46.1320754717	65.0
35.25	17	92.9895	92.9895	3764.75	164.75	83.6179245283	45.8820754717	64.75
35.5	15	93.649	93.649	3764.5	164.5	83.3679245283	45.6320754717	64.5
35.75	18	94.3085	94.3085	3764.25	164.25	83.1179245283	45.3820754717	64.25
36.0	24	94.968	94.968	3764.0	164.0	82.8679245283	45.1320754717	64.0
36.25	22	95.6275	95.6275	3763.75	163.75	82.6179245283	44.8820754717	63.75
36.5	11	96.287	96.287	3763.5	163.5	82.3679245283	44.6320754717	63.5
36.75	28	96.9465	96.9465	3763.25	163.25	82.1179245283	44.3820754717	63.25
37.0	18	97.606	97.606	3763.0	163.0	81.8679245283	44.1320754717	63.0
37.25	19	98.2655	98.2655	3762.75	162.75	81.6179245283	43.8820754717	62.75
37.5	17	98.925	98.925	3762.5	162.5	81.3679245283	43.6320754717	62.5
37.75	25	99.5845	99.5845	3762.25	162.25	81.1179245283	43.3820754717	62.25
38.0	10	100.244	100.244	3762.0	162.0	80.8679245283	43.1320754717	62.0
38.25	19	100.9035	100.9035	3761.75	161.75	80.6179245283	42.8820754717	61.75
38.5	14	101.563	101.563	3761.5	161.5	80.3679245283	42.6320754717	61.5
38.75	28	102.2225	102.2225	3761.25	161.25	80.1179245283	42.3820754717	61.25
39.0	15	102.882	102.882	3761.0	161.0	79.8679245283	42.1320754717	61.0
39.25	25	103.5415	103.5415	3760.75	160.75	79.6179245283	41.8820754717	60.75
39.5	17	104.201	104.201	3760.5	160.5	79.3679245283	41.6320754717	60.5
39.75	14	104.8605	104.8605	3760.25	160.25	79.1179245283	41.3820754717	60.25
40.0	11	105.52	105.52	3760.0	160.0	78.8679245283	41.1320754717	60.0
40.25	18	106.1795	106.1795	3759.75	159.75	78.6179245283	40.8820754717	59.75
40.5	17	106.839	106.839	3759.5	159.5	78.3679245283	40.6320754717	59.5
40.75	19	107.4985	107.4985	3759.25	159.25	78.1179245283	40.3820754717	59.25
41.0	11	108.158	108.158	3759.0	159.0	77.8679245283	40.1320754717	59.0
41.25	19	108.8175	108.8175	3758.75	158.75	77.6179245283	39.8820754717	58.75
41.5	11	109.477	109.477	3758.5	158.5	77.3679245283	39.6320754717	58.5
41.75	22	110.1365	110.1365	3758.25	158.25	77.1179245283	39.3820754717	58.25
42.0	21	110.796	110.796	3758.0	158.0	76.8679245283	39.1320754717	58.0
42.25	11	111.4555	111.4555	3757.75	157.75	76.6179245283	38.8820754717	57.75
42.5	20	112.115	112.115	3757.5	157.5	76.3679245283	38.6320754717	57.5
42.75	22	112.7745	112.7745	3757.25	157.25	76.1179245283	38.3820754717	57.25
43.0	19	113.434	113.434	3757.0	157.0	75.8679245283	38.1320754717	57.0
43.25	17	114.0935	114.0935	3756.75	156.75	75.6179245283	37.8820754717	56.75
43.5	19	114.753	114.753	3756.5	156.5	75.3679245283	37.6320754717	56.5
43.75	15	115.4125	115.4125	3756.25	156.25	75.1179245283	37.3820754717	56.25
44.0	10	116.072	116.072	3756.0	156.0	74.8679245283	37.1320754717	56.0
44.25	22	116.7315	116.7315	3755.75	155.75	74.6179245283	36.8820754717	55.75
44.5	19	117.391	117.391	3755.5	155.5	74.3679245283	36.6320754717	55.5
44.75	16	118.0505	118.0505	3755.25	155.25	74.1179245283	36.3820754717	55.25
45.0	10	118.71	118.71	3755.0	155.0	73.8679245283	36.1320754717	55.0
45.25	18	119.3695	119.3695	3754.75	154.75	73.6179245283	35.8820754717	54.75
45.5	18	120.029	120.029	3754.5	154.5	73.3679245283	35.6320754717	54.5
45.75	19	120.6885	120.6885	3754.25	154.25	73.1179245283	35.3820754717	54.25
46.0	16	121.348	121.348	3754.0	154.0	72.8679245283	35.1320754717	54.0
46.25	13	122.0075	122.0075	3753.75	153.75	72.6179245283	34.8820754717	53.75
46.5	23	122.667	122.667	3753.5	153.5	72.3679245283	34.6320754717	53.5
46.75	13	123.3265	123.3265	3753.25	153.25	72.1179245283	34.3820754717	53.25
47.0	24	123.986	123.986	3753.0	153.0	71.8679245283	34.1320754717	53.0
47.25	13	124.6455	124.6455	3752.75	152.75	71.6179245283	33.8820754717	52.75
47.5	17	125.305	125.305	3752.5	152.5	71.3679245283	33.6320754717	52.5
47.75	12	125.9645	125.9645	3752.25	152.25	71.1179245283	33.3820754717	52.25
48.0	23	126.624	126.624	3752.0	152.0	70.8679245283	33.1320754717	52.0
48.25	23	127.2835	127.2835	3751.75	151.75	70.6179245283	32.8820754717	51.75
48.5	19	127.943	127.943	3751.5	151.5	70.3679245283	32.6320754717	51.5
48.75	9	128.6025	128.6025	3751.25	151.25	70.1179245283	32.3820754717	51.25
49.0	20	129.262	129.262	3751.0	151.0	69.8679245283	32.1320754717	51.0
49.25	15	129.9215	129.9215	3750.75	150.75	69.6179245283	31.8820754717	50.75
49.5	22	130.581	130.581	3750.5	150.5	69.3679245283	31.6320754717	50.5
49.75	12	131.2405	131.2405	3750.25	150.25	69.1179245283	31.3820754717	50.25
50.0	18	131.9	131.9	3750.0	150.0	68.8679245283	31.1320754717	50.0
50.25	9	132.5595	132.5595	3749.75	149.75	68.6179245283	30.8820754717	49.75
50.5	19	133.219	133.219	3749.5	149.5	68.3679245283	30.6320754717	49.5
50.75	17	133.8785	133.8785	3749.25	149.25	68.1179245283	30.3820754717	49.25
51.0	19	134.538	134.538	3749.0	149.0	67.8679245283	30.1320754717	49.0
51.25	16	135.1975	135.1975	3748.75	148.75	67.6179245283	29.8820754717	48.75
51.5	14	135.857	135.857	3748.5	148.5	67.3679245283	29.6320754717	48.5
51.75	17	136.5165	136.5165	3748.25	148.25	67.1179245283	29.3820754717	48.25
52.0	21	137.176	137.176	3748.0	148.0	66.8679245283	29.1320754717	48.0
52.25	13	137.8355	137.8355	3747.75	147.75	66.6179245283	28.8820754717	47.75
52.5	13	138.495	138.495	3747.5	147.5	66.3679245283	28.6320754717	47.5
52.75	23	139.1545	139.1545	3747.25	147.25	66.1179245283	28.3820754717	47.25
53.0	17	139.814	139.814	3747.0	147.0	65.8679245283	28.1320754717	47.0
53.25	16	140.4735	140.4735	3746.75	146.75	65.6179245283	27.8820754717	46.75
53.5	28	141.133	141.133	3746.5	146.5	65.3679245283	27.6320754717	46.5
53.75	24	141.7925	141.7925	3746.25	146.25	65.1179245283	27.3820754717	46.25
54.0	13	142.452	142.452	3746.0	146.0	64.8679245283	27.1320754717	46.0
54.25	24	143.1115	143.1115	3745.75	145.75	64.6179245283	26.8820754717	45.75
54.5	17	143.771	143.771	3745.5	145.5	64.3679245283	26.6320754717	45.5
54.75	13	144.4305	144.4305	3745.25	145.25	64.1179245283	26.3820754717	45.25
55.0	16	145.09	145.09	3745.0	145.0	63.8679245283	26.1320754717	45.0
55.25	20	145.7495	145.7495	3744.75	144.75	63.6179245283	25.8820754717	44.75
55.5	14	146.409	146.409	3744.5	144.5	63.3679245283	25.6320754717	44.5
55.75	18	147.0685	147.0685	3744.25	144.25	63.1179245283	25.3820754717	44.25
56.0	11	147.728	147.728	3744.0	144.0	62.8679245283	25.1320754717	44.0
56.25	14	148.3875	148.3875	3743.75	143.75	62.6179245283	24.8820754717	43.75
56.5	21	149.047	149.047	3743.5	143.5	62.3679245283	24.6320754717	43.5
56.75	13	149.7065	149.7065	3743.25	143.25	62.1179245283	24.3820754717	43.25
57.0	18	150.366	150.366	3743.0	143.0	61.8679245283	24.1320754717	43.0
57.25	21	151.0255	151.0255	3742.75	142.75	61.6179245283	23.8820754717	42.75
57.5	14	151.685	151.685	3742.5	142.5	61.3679245283	23.6320754717	42.5
57.75	23	152.3445	152.3445	3742.25	142.25	61.1179245283	23.3820754717	42.25
58.0	23	153.004	153.004	3742.0	142.0	60.8679245283	23.1320754717	42.0
58.25	18	153.6635	153.6635	3741.75	141.75	60.6179245283	22.8820754717	41.75
58.5	18	154.323	154.323	3741.5	141.5	60.3679245283	22.6320754717	41.5
58.75	19	154.9825	154.9825	3741.25	141.25	60.1179245283	22.3820754717	41.25
59.0	25	155.642	155.642	3741.0	141.0	59.8679245283	22.1320754717	41.0
59.25	20	156.3015	156.3015	3740.75	140.75	59.6179245283	21.8820754717	40.75
59.5	20	156.961	156.961	3740.5	140.5	59.3679245283	21.6320754717	40.5
59.75	18	157.6205	157.6205	3740.25	140.25	59.1179245283	21.3820754717	40.25
60.0	22	158.28	158.28	3740.0	140.0	58.8679245283	21.1320754717	40.0
60.25	16	158.9395	158.9395	3739.75	139.75	58.6179245283	20.8820754717	39.75
60.5	18	159.599	159.599	3739.5	139.5	58.3679245283	20.6320754717	39.5
60.75	17	160.2585	160.2585	3739.25	139.25	58.1179245283	20.3820754717	39.25
61.0	14	160.918	160.918	3739.0	139.0	57.8679245283	20.1320754717	39.0
61.25	29	161.5775	161.5775	3738.75	138.75	57.6179245283	19.8820754717	38.75
61.5	18	162.237	162.237	3738.5	138.5	57.3679245283	19.6320754717	38.5
61.75	24	162.8965	162.8965	3738.25	138.25	57.1179245283	19.3820754717	38.25
62.0	8	163.556	163.556	3738.0	138.0	56.8679245283	19.1320754717	38.0
62.25	15	164.2155	164.2155	3737.75	137.75	56.6179245283	18.8820754717	37.75
62.5	22	164.875	164.875	3737.5	137.5	56.3679245283	18.6320754717	37.5
62.75	16	165.5345	165.5345	3737.25	137.25	56.1179245283	18.3820754717	37.25
63.0	29	166.194	166.194	3737.0	137.0	55.8679245283	18.1320754717	37.0
63.25	25	166.8535	166.8535	3736.75	136.75	55.6179245283	17.8820754717	36.75
63.5	18	167.513	167.513	3736.5	136.5	55.3679245283	17.6320754717	36.5
63.75	25	168.1725	168.1725	3736.25	136.25	55.1179245283	17.3820754717	36.25
64.0	30	168.832	168.832	3736.0	136.0	54.8679245283	17.1320754717	36.0
64.25	25	169.4915	169.4915	3735.75	135.75	54.6179245283	16.8820754717	35.75
64.5	22	170.151	170.151	3735.5	135.5	54.3679245283	16.6320754717	35.5
64.75	29	170.8105	170.8105	3735.25	135.25	54.1179245283	16.3820754717	35.25
65.0	17	171.47	171.47	3735.0	135.0	53.8679245283	16.1320754717	35.0
65.25	23	172.1295	172.1295	3734.75	134.75	53.6179245283	15.8820754717	34.75
65.5	25	172.789	172.789	3734.5	134.5	53.3679245283	15.6320754717	34.5
65.75	26	173.4485	173.4485	3734.25	134.25	53.1179245283	15.3820754717	34.25
66.0	19	174.108	174.108	3734.0	134.0	52.8679245283	15.1320754717	34.0
66.25	15	174.7675	174.7675	3733.75	133.75	52.6179245283	14.8820754717	33.75
66.5	19	175.427	175.427	3733.5	133.5	52.3679245283	14.6320754717	33.5
66.75	25	176.0865	176.0865	3733.25	133.25	52.1179245283	14.3820754717	33.25
67.0	22	176.746	176.746	3733.0	133.0	51.8679245283	14.1320754717	33.0
67.25	23	177.4055	177.4055	3732.75	132.75	51.6179245283	13.8820754717	32.75
67.5	18	178.065	178.065	3732.5	132.5	51.3679245283	13.6320754717	32.5
67.75	28	178.7245	178.7245	3732.25	132.25	51.1179245283	13.3820754717	32.25
68.0	23	179.384	179.384	3732.0	132.0	50.8679245283	13.1320754717	32.0
68.25	17	180.0435	180.0435	3731.75	131.75	50.6179245283	12.8820754717	31.75
68.5	30	180.703	180.703	3731.5	131.5	50.3679245283	12.6320754717	31.5
68.75	27	181.3625	181.3625	3731.25	131.25	50.1179245283	12.3820754717	31.25
69.0	26	182.022	182.022	3731.0	131.0	49.8679245283	12.1320754717	31.0
69.25	20	182.6815	182.6815	3730.75	130.75	49.6179245283	11.8820754717	30.75
69.5	34	183.341	183.341	3730.5	130.5	49.3679245283	11.6320754717	30.5
69.75	23	184.0005	184.0005	3730.25	130.25	49.1179245283	11.3820754717	30.25
70.0	16	184.66	184.66	3730.0	130.0	48.8679245283	11.1320754717	30.0
70.25	33	185.3195	185.3195	3729.75	129.75	48.6179245283	10.8820754717	29.75
70.5	20	185.979	185.979	3729.5	129.5	48.3679245283	10.6320754717	29.5
70.75	23	186.6385	186.6385	3729.25	129.25	48.1179245283	10.3820754717	29.25
71.0	25	187.298	187.298	3729.0	129.0	47.8679245283	10.1320754717	29.0
71.25	24	187.9575	187.9575	3728.75	128.75	47.6179245283	9.8820754717	28.75
71.5	25	188.617	188.617	3728.5	128.5	47.3679245283	9.6320754717	28.5
71.75	34	189.2765	189.2765	3728.25	128.25	47.1179245283	9.3820754717	28.25
72.0	25	189.936	189.936	3728.0	128.0	46.8679245283	9.1320754717	28.0
72.25	21	190.5955	190.5955	3727.75	127.75	46.6179245283	8.8820754717	27.75
72.5	23	191.255	191.255	3727.5	127.5	46.3679245283	8.6320754717	27.5
72.75	35	191.9145	191.9145	3727.25	127.25	46.1179245283	8.3820754717	27.25
73.0	31	192.574	192.574	3727.0	127.0	45.8679245283	8.1320754717	27.0
73.25	18	193.2335	193.2335	3726.75	126.75	45.6179245283	7.8820754717	26.75
73.5	20	193.893	193.893	3726.5	126.5	45.3679245283	7.6320754717	26.5
73.75	37	194.5525	194.5525	3726.25	126.25	45.1179245283	7.3820754717	26.25
74.0	26	195.212	195.212	3726.0	126.0	44.8679245283	7.1320754717	26.0
74.25	36	195.8715	195.8715	3725.75	125.75	44.6179245283	6.8820754717	25.75
74.5	24	196.531	196.531	3725.5	125.5	44.3679245283	6.6320754717	25.5
74.75	30	197.1905	197.1905	3725.25	125.25	44.1179245283	6.3820754717	25.25
75.0	34	197.85	197.85	3725.0	125.0	43.8679245283	6.1320754717	25.0
75.25	23	198.5095	198.5095	3724.75	124.75	43.6179245283	5.8820754717	24.75
75.5	38	199.169	199.169	3724.5	124.5	43.3679245283	5.6320754717	24.5
75.75	26	199.8285	199.8285	3724.25	124.25	43.1179245283	5.3820754717	24.25
76.0	20	200.488	200.488	3724.0	124.0	42.8679245283	5.1320754717	24.0
76.25	31	201.1475	201.1475	3723.75	123.75	42.6179245283	4.8820754717	23.75
76.5	37	201.807	201.807	3723.5	123.5	42.3679245283	4.6320754717	23.5
76.75	33	202.4665	202.4665	3723.25	123.25	42.1179245283	4.3820754717	23.25
77.0	31	203.126	203.126	3723.0	123.0	41.8679245283	4.1320754717	23.0
77.25	31	203.7855	203.7855	3722.75	122.75	41.6179245283	3.8820754717	22.75
77.5	28	204.445	204.445	3722.5	122.5	41.3679245283	3.6320754717	22.5
77.75	34	205.1045	205.1045	3722.25	122.25	41.1179245283	3.3820754717	22.25
78.0	30	205.764	205.764	3722.0	122.0	40.8679245283	3.1320754717	22.0
78.25	27	206.4235	206.4235	3721.75	121.75	40.6179245283	2.8820754717	21.75
78.5	29	207.083	207.083	3721.5	121.5	40.3679245283	2.6320754717	21.5
78.75	24	207.7425	207.7425	3721.25	121.25	40.1179245283	2.3820754717	21.25
79.0	27	208.402	208.402	3721.0	121.0	39.8679245283	2.1320754717	21.0
79.25	31	209.0615	209.0615	3720.75	120.75	39.6179245283	1.8820754717	20.75
79.5	36	209.721	209.721	3720.5	120.5	39.3679245283	1.6320754717	20.5
79.75	32	210.3805	210.3805	3720.25	120.25	39.1179245283	1.3820754717	20.25
80.0	31	211.04	211.04	3720.0	120.0	38.8679245283	1.1320754717	20.0
80.25	26	211.6995	211.6995	3719.75	119.75	38.6179245283	0.882075471698	19.75
80.5	33	212.359	212.359	3719.5	119.5	38.3679245283	0.632075471698	19.5
80.75	40	213.0185	213.0185	3719.25	119.25	38.1179245283	0.382075471698	19.25
81.0	30	213.678	213.678	3719.0	119.0	37.8679245283	0.132075471698	19.0
81.25	31	214.3375	214.3375	3718.75	118.75	37.6179245283	-0.117924528302	18.75
81.5	34	214.997	214.997	3718.5	118.5	37.3679245283	-0.367924528302	18.5
81.75	25	215.6565	215.6565	3718.25	118.25	37.1179245283	-0.617924528302	18.25
82.0	33	216.316	216.316	3718.0	118.0	36.8679245283	-0.867924528302	18.0
82.25	23	216.9755	216.9755	3717.75	117.75	36.6179245283	-1.1179245283	17.75
82.5	28	217.635	217.635	3717.5	117.5	36.3679245283	-1.3679245283	17.5
82.75	31	218.2945	218.2945	3717.25	117.25	36.1179245283	-1.6179245283	17.25
83.0	34	218.954	218.954	3717.0	117.0	35.8679245283	-1.8679245283	17.0
83.25	31	219.6135	219.6135	3716.75	116.75	35.6179245283	-2.1179245283	16.75
83.5	37	220.273	220.273	3716.5	116.5	35.3679245283	-2.3679245283	16.5
83.75	32	220.9325	220.9325	3716.25	116.25	35.1179245283	-2.6179245283	16.25
84.0	46	221.592	221.592	3716.0	116.0	34.8679245283	-2.8679245283	16.0
84.25	28	222.2515	222.2515	3715.75	115.75	34.6179245283	-3.1179245283	15.75
84.5	49	222.911	222.911	3715.5	115.5	34.3679245283	-3.3679245283	15.5
84.75	40	223.5705	223.5705	3715.25	115.25	34.1179245283	-3.6179245283	15.25
85.0	36	224.23	224.23	3715.0	115.0	33.8679245283	-3.8679245283	15.0
85.25	27	224.8895	224.8895	3714.75	114.75	33.6179245283	-4.1179245283	14.75
85.5	37	225.549	225.549	3714.5	114.5	33.3679245283	-4.3679245283	14.5
85.75	29	226.2085	226.2085	3714.25	114.25	33.1179245283	-4.6179245283	14.25
86.0	30	226.868	226.868	3714.0	114.0	32.8679245283	-4.8679245283	14.0
86.25	23	227.5275	227.5275	3713.75	113.75	32.6179245283	-5.1179245283	13.75
86.5	30	228.187	228.187	3713.5	113.5	32.3679245283	-5.3679245283	13.5
86.75	37	228.8465	228.8465	3713.25	113.25	32.1179245283	-5.6179245283	13.25
87.0	36	229.506	229.506	3713.0	113.0	31.8679245283	-5.8679245283	13.0
87.25	32	230.1655	230.1655	3712.75	112.75	31.6179245283	-6.1179245283	12.75
87.5	43	230.825	230.825	3712.5	112.5	31.3679245283	-6.3679245283	12.5
87.75	30	231.4845	231.4845	3712.25	112.25	31.1179245283	-6.6179245283	12.25
88.0	36	232.144	232.144	3712.0	112.0	30.8679245283	-6.8679245283	12.0
88.25	28	232.8035	232.8035	3711.75	111.75	30.6179245283	-7.1179245283	11.75
88.5	24	233.463	233.463	3711.5	111.5	30.3679245283	-7.3679245283	11.5
88.75	34	234.1225	234.1225	3711.25	111.25	30.1179245283	-7.6179245283	11.25
89.0	37	234.782	234.782	3711.0	111.0	29.8679245283	-7.8679245283	11.0
89.25	30	235.4415	235.4415	3710.75	110.75	29.6179245283	-8.1179245283	10.75
89.5	35	236.101	236.101	3710.5	110.5	29.3679245283	-8.3679245283	10.5
89.75	40	236.7605	236.7605	3710.25	110.25	29.1179245283	-8.6179245283	10.25
90.0	29	237.42	237.42	3710.0	110.0	28.8679245283	-8.8679245283	10.0
90.25	31	238.0795	238.0795	3709.75	109.75	28.6179245283	-9.1179245283	9.75
90.5	28	238.739	238.739	3709.5	109.5	28.3679245283	-9.3679245283	9.5
90.75	35	239.3985	239.3985	3709.25	109.25	28.1179245283	-9.6179245283	9.25
91.0	33	240.058	240.058	3709.0	109.0	27.8679245283	-9.8679245283	9.0
91.25	32	240.7175	240.7175	3708.75	108.75	27.6179245283	-10.1179245283	8.75
91.5	25	241.377	241.377	3708.5	108.5	27.3679245283	-10.3679245283	8.5
91.75	41	242.0365	242.0365	3708.25	108.25	27.1179245283	-10.6179245283	8.25
92.0	29	242.696	242.696	3708.0	108.0	26.8679245283	-10.8679245283	8.0
92.25	29	243.3555	243.3555	3707.75	107.75	26.6179245283	-11.1179245283	7.75
92.5	37	244.015	244.015	3707.5	107.5	26.3679245283	-11.3679245283	7.5
92.75	17	244.6745	244.6745	3707.25	107.25	26.1179245283	-11.6179245283	7.25
93.0	28	245.334	245.334	3707.0	107.0	25.8679245283	-11.8679245283	7.0
93.25	26	245.9935	245.9935	3706.75	106.75	25.6179245283	-12.1179245283	6.75
93.5	30	246.653	246.653	3706.5	106.5	25.3679245283	-12.3679245283	6.5
93.75	28	247.3125	247.3125	3706.25	106.25	25.1179245283	-12.6179245283	6.25
94.0	31	247.972	247.972	3706.0	106.0	24.8679245283	-12.8679245283	6.0
94.25	31	248.6315	248.6315	3705.75	105.75	24.6179245283	-13.1179245283	5.75
94.5	33	249.291	249.291	3705.5	105.5	24.3679245283	-13.3679245283	5.5
94.75	20	249.9505	249.9505	3705.25	105.25	24.1179245283	-13.6179245283	5.25
95.0	32	250.61	250.61	3705.0	105.0	23.8679245283	-13.8679245283	5.0
95.25	20	251.2695	251.2695	3704.75	104.75	23.6179245283	-14.1179245283	4.75
95.5	25	251.929	251.929	3704.5	104.5	23.3679245283	-14.3679245283	4.5
95.75	24	252.5885	252.5885	3704.25	104.25	23.1179245283	-14.6179245283	4.25
96.0	29	253.248	253.248	3704.0	104.0	22.8679245283	-14.8679245283	4.0
96.25	31	253.9075	253.9075	3703.75	103.75	22.6179245283	-15.1179245283	3.75
96.5	30	254.567	254.567	3703.5	103.5	22.3679245283	-15.3679245283	3.5
96.75	26	255.2265	255.2265	3703.25	103.25	22.1179245283	-15.6179245283	3.25
97.0	23	255.886	255.886	3703.0	103.0	21.8679245283	-15.8679245283	3.0
97.25	25	256.5455	256.5455	3702.75	102.75	21.6179245283	-16.1179245283	2.75
97.5	13	257.205	257.205	3702.5	102.5	21.3679245283	-16.3679245283	2.5
97.75	24	257.8645	257.8645	3702.25	102.25	21.1179245283	-16.6179245283	2.25
98.0	19	258.524	258.524	3702.0	102.0	20.8679245283	-16.8679245283	2.0
98.25	22	259.1835	259.1835	3701.75	101.75	20.6179245283	-17.1179245283	1.75
98.5	17	259.843	259.843	3701.5	101.5	20.3679245283	-17.3679245283	1.5
98.75	22	260.5025	260.5025	3701.25	101.25	20.1179245283	-17.6179245283	1.25
99.0	11	261.162	261.162	3701.0	101.0	19.8679245283	-17.8679245283	1.0
99.25	21	261.8215	261.8215	3700.75	100.75	19.6179245283	-18.1179245283	0.75
99.5	14	262.481	262.481	3700.5	100.5	19.3679245283	-18.3679245283	0.5
99.75	14	263.1405	263.1405	3700.25	100.25	19.1179245283	-18.6179245283	0.25
100.0	15	263.8	263.8	3700.0	100.0	18.8679245283	-18.8679245283	0.0
100.25	17	264.4595	264.4595	3699.75	99.75	18.6179245283	-19.1179245283	-0.25
100.5	9	265.119	265.119	3699.5	99.5	18.3679245283	-19.3679245283	-0.5
100.75	7	265.7785	265.7785	3699.25	99.25	18.1179245283	-19.6179245283	-0.75
101.0	12	266.438	266.438	3699.0	99.0	17.8679245283	-19.8679245283	-1.0
101.25	15	267.0975	267.0975	3698.75	98.75	17.6179245283	-20.1179245283	-1.25
101.5	7	267.757	267.757	3698.5	98.5	17.3679245283	-20.3679245283	-1.5
101.75	4	268.4165	268.4165	3698.25	98.25	17.1179245283	-20.6179245283	-1.75
102.0	11	269.076	269.076	3698.0	98.0	16.8679245283	-20.8679245283	-2.0
102.25	14	269.7355	269.7355	3697.75	97.75	16.6179245283	-21.1179245283	-2.25
102.5	8	270.395	270.395	3697.5	97.5	16.3679245283	-21.3679245283	-2.5
102.75	8	271.0545	271.0545	3697.25	97.25	16.1179245283	-21.6179245283	-2.75
103.0	16	271.714	271.714	3697.0	97.0	15.8679245283	-21.8679245283	-3.0
103.25	14	272.3735	272.3735	3696.75	96.75	15.6179245283	-22.1179245283	-3.25
103.5	23	273.033	273.033	3696.5	96.5	15.3679245283	-22.3679245283	-3.5
103.75	42	273.6925	273.6925	3696.25	96.25	15.1179245283	-22.6179245283	-3.75
104.0	37	274.352	274.352	3696.0	96.0	14.8679245283	-22.8679245283	-4.0
104.25	44	275.0115	275.0115	3695.75	95.75	14.6179245283	-23.1179245283	-4.25
104.5	53	275.671	275.671	3695.5	95.5	14.3679245283	-23.3679245283	-4.5
104.75	52	276.3305	276.3305	3695.25	95.25	14.1179245283	-23.6179245283	-4.75
105.0	42	276.99	276.99	3695.0	95.0	13.8679245283	-23.8679245283	-5.0
105.25	49	277.6495	277.6495	3694.75	94.75	13.6179245283	-24.1179245283	-5.25
105.5	26	278.309	278.309	3694.5	94.5	13.3679245283	-24.3679245283	-5.5
105.75	26	278.9685	278.9685	3694.25	94.25	13.1179245283	-24.6179245283	-5.75
106.0	24	279.628	279.628	3694.0	94.0	12.8679245283	-24.8679245283	-6.0
106.25	14	280.2875	280.2875	3693.75	93.75	12.6179245283	-25.1179245283	-6.25
106.5	6	280.947	280.947	3693.5	93.5	12.3679245283	-25.3679245283	-6.5
106.75	5	281.6065	281.6065	3693.25	93.25	12.1179245283	-25.6179245283	-6.75
107.0	5	282.266	282.266	3693.0	93.0	11.8679245283	-25.8679245283	-7.0
107.25	1	282.9255	282.9255	3692.75	92.75	11.6179245283	-26.1179245283	-7.25
107.5	0	283.585	283.585	3692.5	92.5	11.3679245283	-26.3679245283	-7.5
107.75	0	284.2445	284.2445	3692.25	92.25	11.1179245283	-26.6179245283	-7.75
108.0	0	284.904	284.904	3692.0	92.0	10.8679245283	-26.8679245283	-8.0
108.25	0	285.5635	285.5635	3691.75	91.75	10.6179245283	-27.1179245283	-8.25
108.5	0	286.223	286.223	3691.5	91.5	10.3679245283	-27.3679245283	-8.5
108.75	0	286.8825	286.8825	3691.25	91.25	10.1179245283	-27.6179245283	-8.75
109.0	0	287.542	287.542	3691.0	91.0	9.8679245283	-27.8679245283	-9.0
109.25	0	288.2015	288.2015	3690.75	90.75	9.6179245283	-28.1179245283	-9.25
109.5	0	288.861	288.861	3690.5	90.5	9.3679245283	-28.3679245283	-9.5
109.75	0	289.5205	289.5205	3690.25	90.25	9.1179245283	-28.6179245283	-9.75
110.0	0	290.18	290.18	3690.0	90.0	8.8679245283	-28.8679245283	-10.0
110.25	0	290.8395	290.8395	3689.75	89.75	8.6179245283	-29.1179245283	-10.25
110.5	0	291.499	291.499	3689.5	89.5	8.3679245283	-29.3679245283	-10.5
110.75	0	292.1585	292.1585	3689.25	89.25	8.1179245283	-29.6179245283	-10.75
111.0	0	292.818	292.818	3689.0	89.0	7.8679245283	-29.8679245283	-11.0
111.25	0	293.4775	293.4775	3688.75	88.75	7.6179245283	-30.1179245283	-11.25
111.5	0	294.137	294.137	3688.5	88.5	7.3679245283	-30.3679245283	-11.5
111.75	0	294.7965	294.7965	3688.25	88.25	7.1179245283	-30.6179245283	-11.75
112.0	0	295.456	295.456	3688.0	88.0	6.8679245283	-30.8679245283	-12.0
112.25	0	296.1155	296.1155	3687.75	87.75	6.6179245283	-31.1179245283	-12.25
112.5	0	296.775	296.775	3687.5	87.5	6.3679245283	-31.3679245283	-12.5
112.75	0	297.4345	297.4345	3687.25	87.25	6.1179245283	-31.6179245283	-12.75
113.0	0	298.094	298.094	3687.0	87.0	5.8679245283	-31.8679245283	-13.0
113.0	0	298.094	298.094	3687.0	87.0	5.8679245283	-31.8679245283	-13.0
112.75	0	297.4345	297.4345	3687.25	87.25	6.1179245283	-31.6179245283	-12.75
112.5	0	296.775	296.775	3687.5	87.5	6.3679245283	-31.3679245283	-12.5
112.25	0	296.1155	296.1155	3687.75	87.75	6.6179245283	-31.1179245283	-12.25
112.0	0	295.456	295.456	3688.0	88.0	6.8679245283	-30.8679245283	-12.0
111.75	0	294.7965	294.7965	3688.25	88.25	7.1179245283	-30.6179245283	-11.75
111.5	0	294.137	294.137	3688.5	88.5	7.3679245283	-30.3679245283	-11.5
111.25	0	293.4775	293.4775	3688.75	88.75	7.6179245283	-30.1179245283	-11.25
111.0	0	292.818	292.818	3689.0	89.0	7.8679245283	-29.8679245283	-11.0
110.75	0	292.1585	292.1585	3689.25	89.25	8.1179245283	-29.6179245283	-10.75
110.5	0	291.499	291.499	3689.5	89.5	8.3679245283	-29.3679245283	-10.5
110.25	0	290.8395	290.8395	3689.75	89.75	8.6179245283	-29.1179245283	-10.25
110.0	0	290.18	290.18	3690.0	90.0	8.8679245283	-28.8679245283	-10.0
109.75	0	289.5205	289.5205	3690.25	90.25	9.1179245283	-28.6179245283	-9.75
109.5	0	288.861	288.861	3690.5	90.5	9.3679245283	-28.3679245283	-9.5
109.25	0	288.2015	288.2015	3690.75	90.75	9.6179245283	-28.1179245283	-9.25
109.0	0	287.542	287.542	3691.0	91.0	9.8679245283	-27.8679245283	-9.0
108.75	0	286.8825	286.8825	3691.25	91.25	10.1179245283	-27.6179245283	-8.75
108.5	0	286.223	286.223	3691.5	91.5	10.3679245283	-27.3679245283	-8.5
108.25	1	285.5635	285.5635	3691.75	91.75	10.6179245283	-27.1179245283	-8.25
108.0	0	284.904	284.904	3692.0	92.0	10.8679245283	-26.8679245283	-8.0
107.75	0	284.2445	284.2445	3692.25	92.25	11.1179245283	-26.6179245283	-7.75
107.5	0	283.585	283.585	3692.5	92.5	11.3679245283	-26.3679245283	-7.5
107.25	3	282.9255	282.9255	3692.75	92.75	11.6179245283	-26.1179245283	-7.25
107.0	0	282.266	282.266	3693.0	93.0	11.8679245283	-25.8679245283	-7.0
106.75	4	281.6065	281.6065	3693.25	93.25	12.1179245283	-25.6179245283	-6.75
106.5	3	280.947	280.947	3693.5	93.5	12.3679245283	-25.3679245283	-6.5
106.25	7	280.2875	280.2875	3693.75	93.75	12.6179245283	-25.1179245283	-6.25
106.0	15	279.628	279.628	3694.0	94.0	12.8679245283	-24.8679245283	-6.0
105.75	20	278.9685	278.9685	3694.25	94.25	13.1179245283	-24.6179245283	-5.75
105.5	27	278.309	278.309	3694.5	94.5	13.3679245283	-24.3679245283	-5.5
105.25	37	277.6495	277.6495	3694.75	94.75	13.6179245283	-24.1179245283	-5.25
105.0	31	276.99	276.99	3695.0	95.0	13.8679245283	-23.8679245283	-5.0
104.75	39	276.3305	276.3305	3695.25	95.25	14.1179245283	-23.6179245283	-4.75
104.5	48	275.671	275.671	3695.5	95.5	14.3679245283	-23.3679245283	-4.5
104.25	61	275.0115	275.0115	3695.75	95.75	14.6179245283	-23.1179245283	-4.25
104.0	41	274.352	274.352	3696.0	96.0	14.8679245283	-22.8679245283	-4.0
103.75	44	273.6925	273.6925	3696.25	96.25	15.1179245283	-22.6179245283	-3.75
103.5	24	273.033	273.033	3696.5	96.5	15.3679245283	-22.3679245283	-3.5
103.25	27	272.3735	272.3735	3696.75	96.75	15.6179245283	-22.1179245283	-3.25
103.0	15	271.714	271.714	3697.0	97.0	15.8679245283	-21.8679245283	-3.0
102.75	16	271.0545	271.0545	3697.25	97.25	16.1179245283	-21.6179245283	-2.75
102.5	14	270.395	270.395	3697.5	97.5	16.3679245283	-21.3679245283	-2.5
102.25	10	269.7355	269.7355	3697.75	97.75	16.6179245283	-21.1179245283	-2.25
102.0	6	269.076	269.076	3698.0	98.0	16.8679245283	-20.8679245283	-2.0
101.75	6	268.4165	268.4165	3698.25	98.25	17.1179245283	-20.6179245283	-1.75
101.5	7	267.757	267.757	3698.5	98.5	17.3679245283	-20.3679245283	-1.5
101.25	13	267.0975	267.0975	3698.75	98.75	17.6179245283	-20.1179245283	-1.25
101.0	5	266.438	266.438	3699.0	99.0	17.8679245283	-19.8679245283	-1.0
100.75	9	265.7785	265.7785	3699.25	99.25	18.1179245283	-19.6179245283	-0.75
100.5	10	265.119	265.119	3699.5	99.5	18.3679245283	-19.3679245283	-0.5
100.25	11	264.4595	264.4595	3699.75	99.75	18.6179245283	-19.1179245283	-0.25
100.0	13	263.8	263.8	3700.0	100.0	18.8679245283	-18.8679245283	0.0
99.75	11	263.1405	263.1405	3700.25	100.25	19.1179245283	-18.6179245283	0.25
99.5	11	262.481	262.481	3700.5	100.5	19.3679245283	-18.3679245283	0.5
99.25	15	261.8215	261.8215	3700.75	100.75	19.6179245283	-18.1179245283	0.75
99.0	16	261.162	261.162	3701.0	101.0	19.8679245283	-17.8679245283	1.0
98.75	21	260.5025	260.5025	3701.25	101.25	20.1179245283	-17.6179245283	1.25
98.5	11	259.843	259.843	3701.5	101.5	20.3679245283	-17.3679245283	1.5
98.25	21	259.1835	259.1835	3701.75	101.75	20.6179245283	-17.1179245283	1.75
98.0	15	258.524	258.524	3702.0	102.0	20.8679245283	-16.8679245283	2.0
97.75	18	257.8645	257.8645	3702.25	102.25	21.1179245283	-16.6179245283	2.25
97.5	18	257.205	257.205	3702.5	102.5	21.3679245283	-16.3679245283	2.5
97.25	17	256.5455	256.5455	3702.75	102.75	21.6179245283	-16.1179245283	2.75
97.0	26	255.886	255.886	3703.0	103.0	21.8679245283	-15.8679245283	3.0
96.75	32	255.2265	255.2265	3703.25	103.25	22.1179245283	-15.6179245283	3.25
96.5	31	254.567	254.567	3703.5	103.5	22.3679245283	-15.3679245283	3.5
96.25	25	253.9075	253.9075	3703.75	103.75	22.6179245283	-15.1179245283	3.75
96.0	17	253.248	253.248	3704.0	104.0	22.8679245283	-14.8679245283	4.0
95.75	19	252.5885	252.5885	3704.25	104.25	23.1179245283	-14.6179245283	4.25
95.5	24	251.929	251.929	3704.5	104.5	23.3679245283	-14.3679245283	4.5
95.25	26	251.2695	251.2695	3704.75	104.75	23.6179245283	-14.1179245283	4.75
95.0	21	250.61	250.61	3705.0	105.0	23.8679245283	-13.8679245283	5.0
94.75	26	249.9505	249.9505	3705.25	105.25	24.1179245283	-13.6179245283	5.25
94.5	24	249.291	249.291	3705.5	105.5	24.3679245283	-13.3679245283	5.5
94.25	23	248.6315	248.6315	3705.75	105.75	24.6179245283	-13.1179245283	5.75
94.0	28	247.972	247.972	3706.0	106.0	24.8679245283	-12.8679245283	6.0
93.75	24	247.3125	247.3125	3706.25	106.25	25.1179245283	-12.6179245283	6.25
93.5	30	246.653	246.653	3706.5	106.5	25.3679245283	-12.3679245283	6.5
93.25	34	245.9935	245.9935	3706.75	106.75	25.6179245283	-12.1179245283	6.75
93.0	18	245.334	245.334	3707.0	107.0	25.8679245283	-11.8679245283	7.0
92.75	28	244.6745	244.6745	3707.25	107.25	26.1179245283	-11.6179245283	7.25
92.5	30	244.015	244.015	3707.5	107.5	26.3679245283	-11.3679245283	7.5
92.25	30	243.3555	243.3555	3707.75	107.75	26.6179245283	-11.1179245283	7.75
92.0	27	242.696	242.696	3708.0	108.0	26.8679245283	-10.8679245283	8.0
91.75	26	242.0365	242.0365	3708.25	108.25	27.1179245283	-10.6179245283	8.25
91.5	36	241.377	241.377	3708.5	108.5	27.3679245283	-10.3679245283	8.5
91.25	24	240.7175	240.7175	3708.75	108.75	27.6179245283	-10.1179245283	8.75
91.0	25	240.058	240.058	3709.0	109.0	27.8679245283	-9.8679245283	9.0
90.75	29	239.3985	239.3985	3709.25	109.25	28.1179245283	-9.6179245283	9.25
90.5	27	238.739	238.739	3709.5	109.5	28.3679245283	-9.3679245283	9.5
90.25	27	238.0795	238.0795	3709.75	109.75	28.6179245283	-9.1179245283	9.75
90.0	27	237.42	237.42	3710.0	110.0	28.8679245283	-8.8679245283	10.0
89.75	28	236.7605	236.7605	3710.25	110.25	29.1179245283	-8.6179245283	10.25
89.5	27	236.101	236.101	3710.5	110.5	29.3679245283	-8.3679245283	10.5
89.25	21	235.4415	235.4415	3710.75	110.75	29.6179245283	-8.1179245283	10.75
89.0	35	234.782	234.782	3711.0	111.0	29.8679245283	-7.8679245283	11.0
88.75	32	234.1225	234.1225	3711.25	111.25	30.1179245283	-7.6179245283	11.25
88.5	27	233.463	233.463	3711.5	111.5	30.3679245283	-7.3679245283	11.5
88.25	29	232.8035	232.8035	3711.75	111.75	30.6179245283	-7.1179245283	11.75
88.0	29	232.144	232.144	3712.0	112.0	30.8679245283	-6.8679245283	12.0
87.75	29	231.4845	231.4845	3712.25	112.25	31.1179245283	-6.6179245283	12.25
87.5	32	230.825	230.825	3712.5	112.5	31.3679245283	-6.3679245283	12.5
87.25	25	230.1655	230.1655	3712.75	112.75	31.6179245283	-6.1179245283	12.75
87.0	26	229.506	229.506	3713.0	113.0	31.8679245283	-5.8679245283	13.0
86.75	25	228.8465	228.8465	3713.25	113.25	32.1179245283	-5.6179245283	13.25
86.5	27	228.187	228.187	3713.5	113.5	32.3679245283	-5.3679245283	13.5
86.25	29	227.5275	227.5275	3713.75	113.75	32.6179245283	-5.1179245283	13.75
86.0	28	226.868	226.868	3714.0	114.0	32.8679245283	-4.8679245283	14.0
85.75	31	226.2085	226.2085	3714.25	114.25	33.1179245283	-4.6179245283	14.25
85.5	36	225.549	225.549	3714.5	114.5	33.3679245283	-4.3679245283	14.5
85.25	33	224.8895	224.8895	3714.75	114.75	33.6179245283	-4.1179245283	14.75
85.0	38	224.23	224.23	3715.0	115.0	33.8679245283	-3.8679245283	15.0
84.75	26	223.5705	223.5705	3715.25	115.25	34.1179245283	-3.6179245283	15.25
84.5	33	222.911	222.911	3715.5	115.5	34.3679245283	-3.3679245283	15.5
84.25	25	222.2515	222.2515	3715.75	115.75	34.6179245283	-3.1179245283	15.75
84.0	21	221.592	221.592	3716.0	116.0	34.8679245283	-2.8679245283	16.0
83.75	22	220.9325	220.9325	3716.25	116.25	35.1179245283	-2.6179245283	16.25
83.5	33	220.273	220.273	3716.5	116.5	35.3679245283	-2.3679245283	16.5
83.25	23	219.6135	219.6135	3716.75	116.75	35.6179245283	-2.1179245283	16.75
83.0	21	218.954	218.954	3717.0	117.0	35.8679245283	-1.8679245283	17.0
82.75	35	218.2945	218.2945	3717.25	117.25	36.1179245283	-1.6179245283	17.25
82.5	28	217.635	217.635	3717.5	117.5	36.3679245283	-1.3679245283	17.5
82.25	33	216.9755	216.9755	3717.75	117.75	36.6179245283	-1.1179245283	17.75
82.0	27	216.316	216.316	3718.0	118.0	36.8679245283	-0.867924528302	18.0
81.75	25	215.6565	215.6565	3718.25	118.25	37.1179245283	-0.617924528302	18.25
81.5	18	214.997	214.997	3718.5	118.5	37.3679245283	-0.367924528302	18.5
81.25	20	214.3375	214.3375	3718.75	118.75	37.6179245283	-0.117924528302	18.75
81.0	22	213.678	213.678	3719.0	119.0	37.8679245283	0.132075471698	19.0
80.75	40	213.0185	213.0185	3719.25	119.25	38.1179245283	0.382075471698	19.25
80.5	35	212.359	212.359	3719.5	119.5	38.3679245283	0.632075471698	19.5
80.25	29	211.6995	211.6995	3719.75	119.75	38.6179245283	0.882075471698	19.75
80.0	24	211.04	211.04	3720.0	120.0	38.8679245283	1.1320754717	20.0
79.75	25	210.3805	210.3805	3720.25	120.25	39.1179245283	1.3820754717	20.25
79.5	25	209.721	209.721	3720.5	120.5	39.3679245283	1.6320754717	20.5
79.25	33	209.0615	209.0615	3720.75	120.75	39.6179245283	1.8820754717	20.75
79.0	19	208.402	208.402	3721.0	121.0	39.8679245283	2.1320754717	21.0
78.75	32	207.7425	207.7425	3721.25	121.25	40.1179245283	2.3820754717	21.25
78.5	31	207.083	207.083	3721.5	121.5	40.3679245283	2.6320754717	21.5
78.25	16	206.4235	206.4235	3721.75	121.75	40.6179245283	2.8820754717	21.75
78.0	21	205.764	205.764	3722.0	122.0	40.8679245283	3.1320754717	22.0
77.75	22	205.1045	205.1045	3722.25	122.25	41.1179245283	3.3820754717	22.25
77.5	26	204.445	204.445	3722.5	122.5	41.3679245283	3.6320754717	22.5
77.25	18	203.7855	203.7855	3722.75	122.75	41.6179245283	3.8820754717	22.75
77.0	24	203.126	203.126	3723.0	123.0	41.8679245283	4.1320754717	23.0
76.75	19	202.4665	202.4665	3723.25	123.25	42.1179245283	4.3820754717	23.25
76.5	23	201.807	201.807	3723.5	123.5	42.3679245283	4.6320754717	23.5
76.25	16	201.1475	201.1475	3723.75	123.75	42.6179245283	4.8820754717	23.75
76.0	25	200.488	200.488	3724.0	124.0	42.8679245283	5.1320754717	24.0
75.75	31	199.8285	199.8285	3724.25	124.25	43.1179245283	5.3820754717	24.25
75.5	27	199.169	199.169	3724.5	124.5	43.3679245283	5.6320754717	24.5
75.25	20	198.5095	198.5095	3724.75	124.75	43.6179245283	5.8820754717	24.75
75.0	19	197.85	197.85	3725.0	125.0	43.8679245283	6.1320754717	25.0
74.75	25	197.1905	197.1905	3725.25	125.25	44.1179245283	6.3820754717	25.25
74.5	19	196.531	196.531	3725.5	125.5	44.3679245283	6.6320754717	25.5
74.25	19	195.8715	195.8715	3725.75	125.75	44.6179245283	6.8820754717	25.75
74.0	25	195.212	195.212	3726.0	126.0	44.8679245283	7.1320754717	26.0
73.75	27	194.5525	194.5525	3726.25	126.25	45.1179245283	7.3820754717	26.25
73.5	19	193.893	193.893	3726.5	126.5	45.3679245283	7.6320754717	26.5
73.25	26	193.2335	193.2335	3726.75	126.75	45.6179245283	7.8820754717	26.75
73.0	35	192.574	192.574	3727.0	127.0	45.8679245283	8.1320754717	27.0
72.75	28	191.9145	191.9145	3727.25	127.25	46.1179245283	8.3820754717	27.25
72.5	21	191.255	191.255	3727.5	127.5	46.3679245283	8.6320754717	27.5
72.25	24	190.5955	190.5955	3727.75	127.75	46.6179245283	8.8820754717	27.75
72.0	32	189.936	189.936	3728.0	128.0	46.8679245283	9.1320754717	28.0
71.75	23	189.2765	189.2765	3728.25	128.25	47.1179245283	9.3820754717	28.25
71.5	22	188.617	188.617	3728.5	128.5	47.3679245283	9.6320754717	28.5
71.25	15	187.9575	187.9575	3728.75	128.75	47.6179245283	9.8820754717	28.75
71.0	21	187.298	187.298	3729.0	129.0	47.8679245283	10.1320754717	29.0
70.75	23	186.6385	186.6385	3729.25	129.25	48.1179245283	10.3820754717	29.25
70.5	26	185.979	185.979	3729.5	129.5	48.3679245283	10.6320754717	29.5
70.25	28	185.3195	185.3195	3729.75	129.75	48.6179245283	10.8820754717	29.75
70.0	22	184.66	184.66	3730.0	130.0	48.8679245283	11.1320754717	30.0
69.75	19	184.0005	184.0005	3730.25	130.25	49.1179245283	11.3820754717	30.25
69.5	14	183.341	183.341	3730.5	130.5	49.3679245283	11.6320754717	30.5
69.25	20	182.6815	182.6815	3730.75	130.75	49.6179245283	11.8820754717	30.75
69.0	24	182.022	182.022	3731.0	131.0	49.8679245283	12.1320754717	31.0
68.75	14	181.3625	181.3625	3731.25	131.25	50.1179245283	12.3820754717	31.25
68.5	23	180.703	180.703	3731.5	131.5	50.3679245283	12.6320754717	31.5
68.25	19	180.0435	180.0435	3731.75	131.75	50.6179245283	12.8820754717	31.75
68.0	17	179.384	179.384	3732.0	132.0	50.8679245283	13.1320754717	32.0
67.75	19	178.7245	178.7245	3732.25	132.25	51.1179245283	13.3820754717	32.25
67.5	11	178.065	178.065	3732.5	132.5	51.3679245283	13.6320754717	32.5
67.25	24	177.4055	177.4055	3732.75	132.75	51.6179245283	13.8820754717	32.75
67.0	20	176.746	176.746	3733.0	133.0	51.8679245283	14.1320754717	33.0
66.75	13	176.0865	176.0865	3733.25	133.25	52.1179245283	14.3820754717	33.25
66.5	21	175.427	175.427	3733.5	133.5	52.3679245283	14.6320754717	33.5
66.25	26	174.7675	174.7675	3733.75	133.75	52.6179245283	14.8820754717	33.75
66.0	13	174.108	174.108	3734.0	134.0	52.8679245283	15.1320754717	34.0
65.75	15	173.4485	173.4485	3734.25	134.25	53.1179245283	15.3820754717	34.25
65.5	21	172.789	172.789	3734.5	134.5	53.3679245283	15.6320754717	34.5
65.25	16	172.1295	172.1295	3734.75	134.75	53.6179245283	15.8820754717	34.75
65.0	18	171.47	171.47	3735.0	135.0	53.8679245283	16.1320754717	35.0
64.75	18	170.8105	170.8105	3735.25	135.25	54.1179245283	16.3820754717	35.25
64.5	22	170.151	170.151	3735.5	135.5	54.3679245283	16.6320754717	35.5
64.25	18	169.4915	169.4915	3735.75	135.75	54.6179245283	16.8820754717	35.75
64.0	18	168.832	168.832	3736.0	136.0	54.8679245283	17.1320754717	36.0
63.75	13	168.1725	168.1725	3736.25	136.25	55.1179245283	17.3820754717	36.25
63.5	18	167.513	167.513	3736.5	136.5	55.3679245283	17.6320754717	36.5
63.25	15	166.8535	166.8535	3736.75	136.75	55.6179245283	17.8820754717	36.75
63.0	18	166.194	166.194	3737.0	137.0	55.8679245283	18.1320754717	37.0
62.75	12	165.5345	165.5345	3737.25	137.25	56.1179245283	18.3820754717	37.25
62.5	16	164.875	164.875	3737.5	137.5	56.3679245283	18.6320754717	37.5
62.25	23	164.2155	164.2155	3737.75	137.75	56.6179245283	18.8820754717	37.75
62.0	25	163.556	163.556	3738.0	138.0	56.8679245283	19.1320754717	38.0
61.75	15	162.8965	162.8965	3738.25	138.25	57.1179245283	19.3820754717	38.25
61.5	20	162.237	162.237	3738.5	138.5	57.3679245283	19.6320754717	38.5
61.25	21	161.5775	161.5775	3738.75	138.75	57.6179245283	19.8820754717	38.75
61.0	18	160.918	160.918	3739.0	139.0	57.8679245283	20.1320754717	39.0
60.75	22	160.2585	160.2585	3739.25	139.25	58.1179245283	20.3820754717	39.25
60.5	9	159.599	159.599	3739.5	139.5	58.3679245283	20.6320754717	39.5
60.25	11	158.9395	158.9395	3739.75	139.75	58.6179245283	20.8820754717	39.75
60.0	10	158.28	158.28	3740.0	140.0	58.8679245283	21.1320754717	40.0
59.75	11	157.6205	157.6205	3740.25	140.25	59.1179245283	21.3820754717	40.25
59.5	15	156.961	156.961	3740.5	140.5	59.3679245283	21.6320754717	40.5
59.25	11	156.3015	156.3015	3740.75	140.75	59.6179245283	21.8820754717	40.75
59.0	21	155.642	155.642	3741.0	141.0	59.8679245283	22.1320754717	41.0
58.75	15	154.9825	154.9825	3741.25	141.25	60.1179245283	22.3820754717	41.25
58.5	14	154.323	154.323	3741.5	141.5	60.3679245283	22.6320754717	41.5
58.25	21	153.6635	153.6635	3741.75	141.75	60.6179245283	22.8820754717	41.75
58.0	8	153.004	153.004	3742.0	142.0	60.8679245283	23.1320754717	42.0
57.75	14	152.3445	152.3445	3742.25	142.25	61.1179245283	23.3820754717	42.25
57.5	17	151.685	151.685	3742.5	142.5	61.3679245283	23.6320754717	42.5
57.25	8	151.0255	151.0255	3742.75	142.75	61.6179245283	23.8820754717	42.75
57.0	17	150.366	150.366	3743.0	143.0	61.8679245283	24.1320754717	43.0
56.75	22	149.7065	149.7065	3743.25	143.25	62.1179245283	24.3820754717	43.25
56.5	13	149.047	149.047	3743.5	143.5	62.3679245283	24.6320754717	43.5
56.25	17	148.3875	148.3875	3743.75	143.75	62.6179245283	24.8820754717	43.75
56.0	13	147.728	147.728	3744.0	144.0	62.8679245283	25.1320754717	44.0
55.75	10	147.0685	147.0685	3744.25	144.25	63.1179245283	25.3820754717	44.25
55.5	15	146.409	146.409	3744.5	144.5	63.3679245283	25.6320754717	44.5
55.25	8	145.7495	145.7495	3744.75	144.75	63.6179245283	25.8820754717	44.75
55.0	15	145.09	145.09	3745.0	145.0	63.8679245283	26.1320754717	45.0
54.75	15	144.4305	144.4305	3745.25	145.25	64.1179245283	26.3820754717	45.25
54.5	17	143.771	143.771	3745.5	145.5	64.3679245283	26.6320754717	45.5
54.25	15	143.1115	143.1115	3745.75	145.75	64.6179245283	26.8820754717	45.75
54.0	8	142.452	142.452	3746.0	146.0	64.8679245283	27.1320754717	46.0
53.75	9	141.7925	141.7925	3746.25	146.25	65.1179245283	27.3820754717	46.25
53.5	18	141.133	141.133	3746.5	146.5	65.3679245283	27.6320754717	46.5
53.25	16	140.4735	140.4735	3746.75	146.75	65.6179245283	27.8820754717	46.75
53.0	20	139.814	139.814	3747.0	147.0	65.8679245283	28.1320754717	47.0
52.75	16	139.1545	139.1545	3747.25	147.25	66.1179245283	28.3820754717	47.25
52.5	13	138.495	138.495	3747.5	147.5	66.3679245283	28.6320754717	47.5
52.25	15	137.8355	137.8355	3747.75	147.75	66.6179245283	28.8820754717	47.75
52.0	21	137.176	137.176	3748.0	148.0	66.8679245283	29.1320754717	48.0
51.75	12	136.5165	136.5165	3748.25	148.25	67.1179245283	29.3820754717	48.25
51.5	13	135.857	135.857	3748.5	148.5	67.3679245283	29.6320754717	48.5
51.25	15	135.1975	135.1975	3748.75	148.75	67.6179245283	29.8820754717	48.75
51.0	19	134.538	134.538	3749.0	149.0	67.8679245283	30.1320754717	49.0
50.75	17	133.8785	133.8785	3749.25	149.25	68.1179245283	30.3820754717	49.25
50.5	16	133.219	133.219	3749.5	149.5	68.3679245283	30.6320754717	49.5
50.25	10	132.5595	132.5595	3749.75	149.75	68.6179245283	30.8820754717	49.75
50.0	18	131.9	131.9	3750.0	150.0	68.8679245283	31.1320754717	50.0
49.75	30	131.2405	131.2405	3750.25	150.25	69.1179245283	31.3820754717	50.25
49.5	14	130.581	130.581	3750.5	150.5	69.3679245283	31.6320754717	50.5
49.25	25	129.9215	129.9215	3750.75	150.75	69.6179245283	31.8820754717	50.75
49.0	18	129.262	129.262	3751.0	151.0	69.8679245283	32.1320754717	51.0
48.75	18	128.6025	128.6025	3751.25	151.25	70.1179245283	32.3820754717	51.25
48.5	25	127.943	127.943	3751.5	151.5	70.3679245283	32.6320754717	51.5
48.25	24	127.2835	127.2835	3751.75	151.75	70.6179245283	32.8820754717	51.75
48.0	11	126.624	126.624	3752.0	152.0	70.8679245283	33.1320754717	52.0
47.75	16	125.9645	125.9645	3752.25	152.25	71.1179245283	33.3820754717	52.25
47.5	23	125.305	125.305	3752.5	152.5	71.3679245283	33.6320754717	52.5
47.25	17	124.6455	124.6455	3752.75	152.75	71.6179245283	33.8820754717	52.75
47.0	13	123.986	123.986	3753.0	153.0	71.8679245283	34.1320754717	53.0
46.75	8	123.3265	123.3265	3753.25	153.25	72.1179245283	34.3820754717	53.25
46.5	13	122.667	122.667	3753.5	153.5	72.3679245283	34.6320754717	53.5
46.25	13	122.0075	122.0075	3753.75	153.75	72.6179245283	34.8820754717	53.75
46.0	17	121.348	121.348	3754.0	154.0	72.8679245283	35.1320754717	54.0
45.75	9	120.6885	120.6885	3754.25	154.25	73.1179245283	35.3820754717	54.25
45.5	17	120.029	120.029	3754.5	154.5	73.3679245283	35.6320754717	54.5
45.25	10	119.3695	119.3695	3754.75	154.75	73.6179245283	35.8820754717	54.75
45.0	11	118.71	118.71	3755.0	155.0	73.8679245283	36.1320754717	55.0
44.75	17	118.0505	118.0505	3755.25	155.25	74.1179245283	36.3820754717	55.25
44.5	14	117.391	117.391	3755.5	155.5	74.3679245283	36.6320754717	55.5
44.25	10	116.7315	116.7315	3755.75	155.75	74.6179245283	36.8820754717	55.75
44.0	17	116.072	116.072	3756.0	156.0	74.8679245283	37.1320754717	56.0
43.75	13	115.4125	115.4125	3756.25	156.25	75.1179245283	37.3820754717	56.25
43.5	15	114.753	114.753	3756.5	156.5	75.3679245283	37.6320754717	56.5
43.25	14	114.0935	114.0935	3756.75	156.75	75.6179245283	37.8820754717	56.75
43.0	12	113.434	113.434	3757.0	157.0	75.8679245283	38.1320754717	57.0
42.75	23	112.7745	112.7745	3757.25	157.25	76.1179245283	38.3820754717	57.25
42.5	14	112.115	112.115	3757.5	157.5	76.3679245283	38.6320754717	57.5
42.25	19	111.4555	111.4555	3757.75	157.75	76.6179245283	38.8820754717	57.75
42.0	11	110.796	110.796	3758.0	158.0	76.8679245283	39.1320754717	58.0
41.75	13	110.1365	110.1365	3758.25	158.25	77.1179245283	39.3820754717	58.25
41.5	18	109.477	109.477	3758.5	158.5	77.3679245283	39.6320754717	58.5
41.25	18	108.8175	108.8175	3758.75	158.75	77.6179245283	39.8820754717	58.75
41.0	18	108.158	108.158	3759.0	159.0	77.8679245283	40.1320754717	59.0
40.75	18	107.4985	107.4985	3759.25	159.25	78.1179245283	40.3820754717	59.25
40.5	15	106.839	106.839	3759.5	159.5	78.3679245283	40.6320754717	59.5
40.25	22	106.1795	106.1795	3759.75	159.75	78.6179245283	40.8820754717	59.75
40.0	20	105.52	105.52	3760.0	160.0	78.8679245283	41.1320754717	60.0
39.75	22	104.8605	104.8605	3760.25	160.25	79.1179245283	41.3820754717	60.25
39.5	17	104.201	104.201	3760.5	160.5	79.3679245283	41.6320754717	60.5
39.25	11	103.5415	103.5415	3760.75	160.75	79.6179245283	41.8820754717	60.75
39.0	20	102.882	102.882	3761.0	161.0	79.8679245283	42.1320754717	61.0
38.75	14	102.2225	102.2225	3761.25	161.25	80.1179245283	42.3820754717	61.25
38.5	17	101.563	101.563	3761.5	161.5	80.3679245283	42.6320754717	61.5
38.25	12	100.9035	100.9035	3761.75	161.75	80.6179245283	42.8820754717	61.75
38.0	20	100.244	100.244	3762.0	162.0	80.8679245283	43.1320754717	62.0
37.75	14	99.5845	99.5845	3762.25	162.25	81.1179245283	43.3820754717	62.25
37.5	12	98.925	98.925	3762.5	162.5	81.3679245283	43.6320754717	62.5
37.25	15	98.2655	98.2655	3762.75	162.75	81.6179245283	43.8820754717	62.75
37.0	22	97.606	97.606	3763.0	163.0	81.8679245283	44.1320754717	63.0
36.75	13	96.9465	96.9465	3763.25	163.25	82.1179245283	44.3820754717	63.25
36.5	12	96.287	96.287	3763.5	163.5	82.3679245283	44.6320754717	63.5
36.25	20	95.6275	95.6275	3763.75	163.75	82.6179245283	44.8820754717	63.75
36.0	11	94.968	94.968	3764.0	164.0	82.8679245283	45.1320754717	64.0
35.75	18	94.3085	94.3085	3764.25	164.25	83.1179245283	45.3820754717	64.25
35.5	24	93.649	93.649	3764.5	164.5	83.3679245283	45.6320754717	64.5
35.25	18	92.9895	92.9895	3764.75	164.75	83.6179245283	45.8820754717	64.75
35.0	22	92.33	92.33	3765.0	165.0	83.8679245283	46.1320754717	65.0
34.75	15	91.6705	91.6705	3765.25	165.25	84.1179245283	46.3820754717	65.25
34.5	17	91.011	91.011	3765.5	165.5	84.3679245283	46.6320754717	65.5
34.25	20	90.3515	90.3515	3765.75	165.75	84.6179245283	46.8820754717	65.75
34.0	21	89.692	89.692	3766.0	166.0	84.8679245283	47.1320754717	66.0
33.75	18	89.0325	89.0325	3766.25	166.25	85.1179245283	47.3820754717	66.25
33.5	16	88.373	88.373	3766.5	166.5	85.3679245283	47.6320754717	66.5
33.25	17	87.7135	87.7135	3766.75	166.75	85.6179245283	47.8820754717	66.75
33.0	14	87.054	87.054	3767.0	167.0	85.8679245283	48.1320754717	67.0
32.75	19	86.3945	86.3945	3767.25	167.25	86.1179245283	48.3820754717	67.25
32.5	15	85.735	85.735	3767.5	167.5	86.3679245283	48.6320754717	67.5
32.25	24	85.0755	85.0755	3767.75	167.75	86.6179245283	48.8820754717	67.75
32.0	20	84.416	84.416	3768.0	168.0	86.8679245283	49.1320754717	68.0
31.75	20	83.7565	83.7565	3768.25	168.25	87.1179245283	49.3820754717	68.25
31.5	19	83.097	83.097	3768.5	168.5	87.3679245283	49.6320754717	68.5
31.25	23	82.4375	82.4375	3768.75	168.75	87.6179245283	49.8820754717	68.75
31.0	24	81.778	81.778	3769.0	169.0	87.8679245283	50.1320754717	69.0
30.75	16	81.1185	81.1185	3769.25	169.25	88.1179245283	50.3820754717	69.25
30.5	47	80.459	80.459	3769.5	169.5	88.3679245283	50.6320754717	69.5
30.25	26	79.7995	79.7995	3769.75	169.75	88.6179245283	50.8820754717	69.75
30.0	33	79.14	79.14	3770.0	170.0	88.8679245283	51.1320754717	70.0
29.75	26	78.4805	78.4805	3770.25	170.25	89.1179245283	51.3820754717	70.25
29.5	20	77.821	77.821	3770.5	170.5	89.3679245283	51.6320754717	70.5
29.25	29	77.1615	77.1615	3770.75	170.75	89.6179245283	51.8820754717	70.75
29.0	31	76.502	76.502	3771.0	171.0	89.8679245283	52.1320754717	71.0
28.75	29	75.8425	75.8425	3771.25	171.25	90.1179245283	52.3820754717	71.25
28.5	25	75.183	75.183	3771.5	171.5	90.3679245283	52.6320754717	71.5
28.25	37	74.5235	74.5235	3771.75	171.75	90.6179245283	52.8820754717	71.75
28.0	34	73.864	73.864	3772.0	172.0	90.8679245283	53.1320754717	72.0
27.75	30	73.2045	73.2045	3772.25	172.25	91.1179245283	53.3820754717	72.25
27.5	26	72.545	72.545	3772.5	172.5	91.3679245283	53.6320754717	72.5
27.25	27	71.8855	71.8855	3772.75	172.75	91.6179245283	53.8820754717	72.75
27.0	37	71.226	71.226	3773.0	173.0	91.8679245283	54.1320754717	73.0
26.75	31	70.5665	70.5665	3773.25	173.25	92.1179245283	54.3820754717	73.25
26.5	44	69.907	69.907	3773.5	173.5	92.3679245283	54.6320754717	73.5
26.25	46	69.2475	69.2475	3773.75	173.75	92.6179245283	54.8820754717	73.75
26.0	43	68.588	68.588	3774.0	174.0	92.8679245283	55.1320754717	74.0
25.75	45	67.9285	67.9285	3774.25	174.25	93.1179245283	55.3820754717	74.25
25.5	43	67.269	67.269	3774.5	174.5	93.3679245283	55.6320754717	74.5
25.25	60	66.6095	66.6095	3774.75	174.75	93.6179245283	55.8820754717	74.75
25.0	59	65.95	65.95	3775.0	175.0	93.8679245283	56.1320754717	75.0
24.75	67	65.2905	65.2905	3775.25	175.25	94.1179245283	56.3820754717	75.25
24.5	62	64.631	64.631	3775.5	175.5	94.3679245283	56.6320754717	75.5
24.25	56	63.9715	63.9715	3775.75	175.75	94.6179245283	56.8820754717	75.75
24.0	59	63.312	63.312	3776.0	176.0	94.8679245283	57.1320754717	76.0
23.75	55	62.6525	62.6525	3776.25	176.25	95.1179245283	57.3820754717	76.25
23.5	66	61.993	61.993	3776.5	176.5	95.3679245283	57.6320754717	76.5
23.25	65	61.3335	61.3335	3776.75	176.75	95.6179245283	57.8820754717	76.75
23.0	41	60.674	60.674	3777.0	177.0	95.8679245283	58.1320754717	77.0
22.75	57	60.0145	60.0145	3777.25	177.25	96.1179245283	58.3820754717	77.25
22.5	42	59.355	59.355	3777.5	177.5	96.3679245283	58.6320754717	77.5
22.25	62	58.6955	58.6955	3777.75	177.75	96.6179245283	58.8820754717	77.75
22.0	67	58.036	58.036	3778.0	178.0	96.8679245283	59.1320754717	78.0
21.75	58	57.3765	57.3765	3778.25	178.25	97.1179245283	59.3820754717	78.25
21.5	47	56.717	56.717	3778.5	178.5	97.3679245283	59.6320754717	78.5
21.25	54	56.0575	56.0575	3778.75	178.75	97.6179245283	59.8820754717	78.75
21.0	57	55.398	55.398	3779.0	179.0	97.8679245283	60.1320754717	79.0
20.75	51	54.7385	54.7385	3779.25	179.25	98.1179245283	60.3820754717	79.25
20.5	42	54.079	54.079	3779.5	179.5	98.3679245283	60.6320754717	79.5
20.25	23	53.4195	53.4195	3779.75	179.75	98.6179245283	60.8820754717	79.75
20.0	27	52.76	52.76	3780.0	180.0	98.8679245283	61.1320754717	80.0
19.75	32	52.1005	52.1005	3780.25	180.25	99.1179245283	61.3820754717	80.25
19.5	31	51.441	51.441	3780.5	180.5	99.3679245283	61.6320754717	80.5
19.25	18	50.7815	50.7815	3780.75	180.75	99.6179245283	61.8820754717	80.75
19.0	19	50.122	50.122	3781.0	181.0	99.8679245283	62.1320754717	81.0
18.75	14	49.4625	49.4625	3781.25	181.25	100.117924528	62.3820754717	81.25
18.5	18	48.803	48.803	3781.5	181.5	100.367924528	62.6320754717	81.5
18.25	12	48.1435	48.1435	3781.75	181.75	100.617924528	62.8820754717	81.75
18.0	7	47.484	47.484	3782.0	182.0	100.867924528	63.1320754717	82.0
17.75	5	46.8245	46.8245	3782.25	182.25	101.117924528	63.3820754717	82.25
17.5	5	46.165	46.165	3782.5	182.5	101.367924528	63.6320754717	82.5
17.25	2	45.5055	45.5055	3782.75	182.75	101.617924528	63.8820754717	82.75
17.0	2	44.846	44.846	3783.0	183.0	101.867924528	64.1320754717	83.0
